Reflection at 30.00 degrees for s-polarized light
wavelength (nm)               R
     200.000000    0.000000e+00
     201.000000        0.908942
     202.000000        0.837925
     203.000000        0.788724
     204.000000        0.755348
     205.000000        0.733543
     206.000000        0.720426
     207.000000        0.714151
     208.000000        0.713670
     209.000000        0.709770
     210.000000        0.711882
     211.000000        0.711592
     212.000000        0.711550
     213.000000        0.711108
     214.000000        0.711584
     215.000000        0.711609
     216.000000        0.711340
     217.000000        0.711683
     218.000000        0.712410
     219.000000        0.711864
     220.000000        0.712665
     221.000000        0.713197
     222.000000        0.713234
     223.000000        0.713073
     224.000000        0.712851
     225.000000        0.711858
     226.000000        0.710830
     227.000000        0.708814
     228.000000        0.706708
     229.000000        0.703759
     230.000000        0.700423
     231.000000        0.696579
     232.000000        0.693202
     233.000000        0.690051
     234.000000        0.687487
     235.000000        0.685937
     236.000000        0.685312
     237.000000        0.685282
     238.000000        0.686119
     239.000000        0.687481
     240.000000        0.689430
     241.000000        0.691528
     242.000000        0.694298
     243.000000        0.697283
     244.000000        0.699920
     245.000000        0.703290
     246.000000        0.706439
     247.000000        0.709546
     248.000000        0.712936
     249.000000        0.715941
     250.000000        0.719003
     251.000000        0.722536
     252.000000        0.725786
     253.000000        0.729179
     254.000000        0.731696
     255.000000        0.735098
     256.000000        0.738008
     257.000000        0.741063
     258.000000        0.743994
     259.000000        0.746901
     260.000000        0.749803
     261.000000        0.752756
     262.000000        0.755639
     263.000000        0.758370
     264.000000        0.761191
     265.000000        0.764016
     266.000000        0.766329
     267.000000        0.768703
     268.000000        0.770543
     269.000000        0.772222
     270.000000        0.773473
     271.000000        0.774096
     272.000000        0.774310
     273.000000        0.774036
     274.000000        0.773195
     275.000000        0.771952
     276.000000        0.770501
     277.000000        0.768805
     278.000000        0.766709
     279.000000        0.764453
     280.000000        0.762272
     281.000000        0.760046
     282.000000        0.757734
     283.000000        0.755388
     284.000000        0.753085
     285.000000        0.750430
     286.000000        0.747311
     287.000000        0.743715
     288.000000        0.738684
     289.000000        0.733117
     290.000000        0.726696
     291.000000        0.719228
     292.000000        0.712173
     293.000000        0.705239
     294.000000        0.698459
     295.000000        0.691945
     296.000000        0.685876
     297.000000        0.680179
     298.000000        0.674866
     299.000000        0.670219
     300.000000        0.665700
     301.000000        0.661305
     302.000000        0.657442
     303.000000        0.653866
     304.000000        0.650517
     305.000000        0.647286
     306.000000        0.644258
     307.000000        0.641431
     308.000000        0.638773
     309.000000        0.636376
     310.000000        0.634182
     311.000000        0.631967
     312.000000        0.629971
     313.000000        0.628210
     314.000000        0.626479
     315.000000        0.624864
     316.000000        0.623406
     317.000000        0.622015
     318.000000        0.620704
     319.000000        0.619498
     320.000000        0.618383
     321.000000        0.617355
     322.000000        0.616392
     323.000000        0.615490
     324.000000        0.614635
     325.000000        0.613834
     326.000000        0.613085
     327.000000        0.612363
     328.000000        0.611681
     329.000000        0.611063
     330.000000        0.610518
     331.000000        0.610059
     332.000000        0.609609
     333.000000        0.609167
     334.000000        0.608820
     335.000000        0.608549
     336.000000        0.608319
     337.000000        0.608132
     338.000000        0.607976
     339.000000        0.607891
     340.000000        0.607897
     341.000000        0.607961
     342.000000        0.608073
     343.000000        0.608287
     344.000000        0.608605
     345.000000        0.609020
     346.000000        0.609533
     347.000000        0.610143
     348.000000        0.610862
     349.000000        0.611762
     350.000000        0.612827
     351.000000        0.614006
     352.000000        0.615336
     353.000000        0.616917
     354.000000        0.618683
     355.000000        0.620523
     356.000000        0.622473
     357.000000        0.624594
     358.000000        0.626858
     359.000000        0.629037
     360.000000        0.630856
     361.000000        0.632403
     362.000000        0.633708
     363.000000        0.634493
     364.000000        0.634834
     365.000000        0.634563
     366.000000        0.633695
     367.000000        0.632368
     368.000000        0.630521
     369.000000        0.628290
     370.000000        0.625728
     371.000000        0.622841
     372.000000        0.619660
     373.000000        0.616195
     374.000000        0.612640
     375.000000        0.608893
     376.000000        0.605090
     377.000000        0.601168
     378.000000        0.597267
     379.000000        0.593468
     380.000000        0.589740
     381.000000        0.586165
     382.000000        0.582707
     383.000000        0.579265
     384.000000        0.575783
     385.000000        0.572436
     386.000000        0.569375
     387.000000        0.566474
     388.000000        0.563559
     389.000000        0.560643
     390.000000        0.557831
     391.000000        0.555178
     392.000000        0.552625
     393.000000        0.550116
     394.000000        0.547665
     395.000000        0.545281
     396.000000        0.542963
     397.000000        0.540720
     398.000000        0.538577
     399.000000        0.536538
     400.000000        0.534525
     401.000000        0.532484
     402.000000        0.530473
     403.000000        0.528576
     404.000000        0.526803
     405.000000        0.525055
     406.000000        0.523248
     407.000000        0.521428
     408.000000        0.519672
     409.000000        0.518003
     410.000000        0.516389
     411.000000        0.514806
     412.000000        0.513260
     413.000000        0.511751
     414.000000        0.510275
     415.000000        0.508835
     416.000000        0.507419
     417.000000        0.506019
     418.000000        0.504640
     419.000000        0.503285
     420.000000        0.501955
     421.000000        0.500650
     422.000000        0.499372
     423.000000        0.498127
     424.000000        0.496904
     425.000000        0.495685
     426.000000        0.494465
     427.000000        0.493264
     428.000000        0.492106
     429.000000        0.490994
     430.000000        0.489901
     431.000000        0.488796
     432.000000        0.487679
     433.000000        0.486584
     434.000000        0.485548
     435.000000        0.484558
     436.000000        0.483587
     437.000000        0.482608
     438.000000        0.481601
     439.000000        0.480592
     440.000000        0.479609
     441.000000        0.478645
     442.000000        0.477701
     443.000000        0.476784
     444.000000        0.475903
     445.000000        0.475046
     446.000000        0.474193
     447.000000        0.473318
     448.000000        0.472431
     449.000000        0.471560
     450.000000        0.470715
     451.000000        0.469874
     452.000000        0.469045
     453.000000        0.468232
     454.000000        0.467428
     455.000000        0.466633
     456.000000        0.465852
     457.000000        0.465084
     458.000000        0.464328
     459.000000        0.463585
     460.000000        0.462858
     461.000000        0.462148
     462.000000        0.461443
     463.000000        0.460729
     464.000000        0.460002
     465.000000        0.459278
     466.000000        0.458572
     467.000000        0.457897
     468.000000        0.457245
     469.000000        0.456602
     470.000000        0.455949
     471.000000        0.455266
     472.000000        0.454582
     473.000000        0.453931
     474.000000        0.453331
     475.000000        0.452754
     476.000000        0.452189
     477.000000        0.451618
     478.000000        0.451033
     479.000000        0.450443
     480.000000        0.449853
     481.000000        0.449264
     482.000000        0.448673
     483.000000        0.448085
     484.000000        0.447508
     485.000000        0.446947
     486.000000        0.446400
     487.000000        0.445862
     488.000000        0.445325
     489.000000        0.444788
     490.000000        0.444254
     491.000000        0.443724
     492.000000        0.443198
     493.000000        0.442675
     494.000000        0.442155
     495.000000        0.441642
     496.000000        0.441141
     497.000000        0.440649
     498.000000        0.440166
     499.000000        0.439691
     500.000000        0.439223
     501.000000        0.438764
     502.000000        0.438312
     503.000000        0.437860
     504.000000        0.437403
     505.000000        0.436933
     506.000000        0.436457
     507.000000        0.435983
     508.000000        0.435521
     509.000000        0.435073
     510.000000        0.434637
     511.000000        0.434209
     512.000000        0.433786
     513.000000        0.433366
     514.000000        0.432946
     515.000000        0.432528
     516.000000        0.432115
     517.000000        0.431707
     518.000000        0.431302
     519.000000        0.430900
     520.000000        0.430503
     521.000000        0.430108
     522.000000        0.429719
     523.000000        0.429332
     524.000000        0.428951
     525.000000        0.428569
     526.000000        0.428196
     527.000000        0.427824
     528.000000        0.427463
     529.000000        0.427092
     530.000000        0.426715
     531.000000        0.426343
     532.000000        0.425926
     533.000000        0.425559
     534.000000        0.425155
     535.000000        0.424820
     536.000000        0.424465
     537.000000        0.424148
     538.000000        0.423825
     539.000000        0.423491
     540.000000        0.423167
     541.000000        0.422813
     542.000000        0.422493
     543.000000        0.422143
     544.000000        0.421807
     545.000000        0.421494
     546.000000        0.421129
     547.000000        0.420831
     548.000000        0.420483
     549.000000        0.420166
     550.000000        0.419883
     551.000000        0.419477
     552.000000        0.419341
     553.000000        0.418931
     554.000000        0.418404
     555.000000        0.418596
     556.000000        0.417880
     557.000000        0.417739
     558.000000        0.417489
     559.000000        0.417052
     560.000000        0.416943
     561.000000        0.416603
     562.000000        0.416106
     563.000000        0.416347
     564.000000        0.415600
     565.000000        0.415283
     566.000000        0.415448
     567.000000        0.414609
     568.000000        0.414565
     569.000000        0.414454
     570.000000        0.413722
     571.000000        0.413851
     572.000000        0.413800
     573.000000        0.412733
     574.000000        0.413204
     575.000000        0.413240
     576.000000        0.411573
     577.000000        0.412615
     578.000000        0.412656
     579.000000        0.410366
     580.000000        0.411903
     581.000000        0.411917
     582.000000        0.409940
     583.000000        0.410848
     584.000000        0.411012
     585.000000        0.409524
     586.000000        0.409895
     587.000000        0.410379
     588.000000        0.408909
     589.000000        0.408907
     590.000000        0.409735
     591.000000        0.408468
     592.000000        0.407838
     593.000000        0.409123
     594.000000        0.408356
     595.000000        0.406495
     596.000000        0.408161
     597.000000        0.408773
     598.000000        0.405646
     599.000000        0.406252
     600.000000        0.409037
     601.000000        0.406082
     602.000000        0.404043
     603.000000        0.407653
     604.000000        0.407589
     605.000000        0.403498
     606.000000        0.404672
     607.000000        0.407907
     608.000000        0.405041
     609.000000        0.402299
     610.000000        0.405883
     611.000000        0.406823
     612.000000        0.402016
     613.000000        0.402331
     614.000000        0.407010
     615.000000        0.404652
     616.000000        0.399410
     617.000000        0.403131
     618.000000        0.407971
     619.000000        0.402039
     620.000000        0.397518
     621.000000        0.404562
     622.000000        0.407038
     623.000000        0.398899
     624.000000        0.397755
     625.000000        0.405731
     626.000000        0.405011
     627.000000        0.396681
     628.000000        0.397480
     629.000000        0.406601
     630.000000        0.405613
     631.000000        0.393464
     632.000000        0.394134
     633.000000        0.408790
     634.000000        0.407505
     635.000000        0.390680
     636.000000        0.391927
     637.000000        0.409339
     638.000000        0.407982
     639.000000        0.389251
     640.000000        0.389433
     641.000000        0.408982
     642.000000        0.409872
     643.000000        0.388872
     644.000000        0.385323
     645.000000        0.407082
     646.000000        0.413194
     647.000000        0.391420
     648.000000        0.379668
     649.000000        0.401312
     650.000000        0.417322
     651.000000        0.399207
     652.000000        0.376044
     653.000000        0.389859
     654.000000        0.415428
     655.000000        0.410612
     656.000000        0.382722
     657.000000        0.377239
     658.000000        0.403611
     659.000000        0.417653
     660.000000        0.397555
     661.000000        0.373559
     662.000000        0.386721
     663.000000        0.415336
     664.000000        0.413220
     665.000000        0.381085
     666.000000        0.369885
     667.000000        0.401003
     668.000000        0.423106
     669.000000        0.402190
     670.000000        0.366636
     671.000000        0.375506
     672.000000        0.415117
     673.000000        0.424062
     674.000000        0.388641
     675.000000        0.357628
     676.000000        0.382955
     677.000000        0.425074
     678.000000        0.424645
     679.000000        0.379642
     680.000000        0.350708
     681.000000        0.385714
     682.000000        0.429360
     683.000000        0.425742
     684.000000        0.379197
     685.000000        0.348815
     686.000000        0.380713
     687.000000        0.426386
     688.000000        0.429459
     689.000000        0.386564
     690.000000        0.348290
     691.000000        0.370757
     692.000000        0.419796
     693.000000        0.433347
     694.000000        0.397691
     695.000000        0.351595
     696.000000        0.358402
     697.000000        0.407693
     698.000000        0.435495
     699.000000        0.413766
     700.000000        0.361780
     701.000000        0.342896
     702.000000        0.387311
     703.000000        0.435617
     704.000000        0.434993
     705.000000        0.382744
     706.000000        0.333155
     707.000000        0.359928
     708.000000        0.426071
     709.000000        0.450618
     710.000000        0.409753
     711.000000        0.339036
     712.000000        0.330288
     713.000000        0.396282
     714.000000        0.449343
     715.000000        0.445367
     716.000000        0.388634
     717.000000        0.327165
     718.000000        0.335298
     719.000000        0.402046
     720.000000        0.451134
     721.000000        0.444157
     722.000000        0.383780
     723.000000        0.320802
     724.000000        0.338397
     725.000000        0.415461
     726.000000        0.463010
     727.000000        0.443940
     728.000000        0.367331
     729.000000        0.304302
     730.000000        0.340192
     731.000000        0.422792
     732.000000        0.467795
     733.000000        0.450687
     734.000000        0.380159
     735.000000        0.308888
     736.000000        0.321135
     737.000000        0.401146
     738.000000        0.461680
     739.000000        0.462503
     740.000000        0.401266
     741.000000        0.315377
     742.000000        0.303923
     743.000000        0.388419
     744.000000        0.466439
     745.000000        0.479539
     746.000000        0.420456
     747.000000        0.320592
     748.000000        0.284297
     749.000000        0.361946
     750.000000        0.452930
     751.000000        0.486570
     752.000000        0.451510
     753.000000        0.360910
     754.000000        0.283231
     755.000000        0.314082
     756.000000        0.411123
     757.000000        0.477819
     758.000000        0.482639
     759.000000        0.423496
     760.000000        0.322131
     761.000000        0.267379
     762.000000        0.334934
     763.000000        0.442167
     764.000000        0.501154
     765.000000        0.491343
     766.000000        0.413603
     767.000000        0.300537
     768.000000        0.259032
     769.000000        0.344028
     770.000000        0.450963
     771.000000        0.504142
     772.000000        0.490746
     773.000000        0.412196
     774.000000        0.298658
     775.000000        0.257302
     776.000000        0.345124
     777.000000        0.455846
     778.000000        0.510624
     779.000000        0.494484
     780.000000        0.405477
     781.000000        0.276672
     782.000000        0.243538
     783.000000        0.359187
     784.000000        0.479010
     785.000000        0.528838
     786.000000        0.505516
     787.000000        0.411125
     788.000000        0.277539
     789.000000        0.231755
     790.000000        0.336322
     791.000000        0.460905
     792.000000        0.524662
     793.000000        0.519401
     794.000000        0.444907
     795.000000        0.314463
     796.000000        0.224585
     797.000000        0.294075
     798.000000        0.432752
     799.000000        0.522493
     800.000000        0.540404
     801.000000        0.484956
     802.000000        0.354438
     803.000000        0.214925
     804.000000        0.238783
     805.000000        0.392203
     806.000000        0.510699
     807.000000        0.556085
     808.000000        0.534111
     809.000000        0.443478
     810.000000        0.295726
     811.000000        0.195080
     812.000000        0.269639
     813.000000        0.419995
     814.000000        0.522832
     815.000000        0.557898
     816.000000        0.528727
     817.000000        0.431607
     818.000000        0.279464
     819.000000        0.187370
     820.000000        0.281210
     821.000000        0.440450
     822.000000        0.543433
     823.000000        0.576141
     824.000000        0.542647
     825.000000        0.434412
     826.000000        0.260183
     827.000000        0.159537
     828.000000        0.278745
     829.000000        0.455098
     830.000000        0.561459
     831.000000        0.594539
     832.000000        0.562718
     833.000000        0.457793
     834.000000        0.280171
     835.000000        0.150511
     836.000000        0.245622
     837.000000        0.428438
     838.000000        0.547953
     839.000000        0.593285
     840.000000        0.575905
     841.000000        0.492296
     842.000000        0.336065
     843.000000        0.176368
     844.000000        0.195258
     845.000000        0.361984
     846.000000        0.502160
     847.000000        0.571076
     848.000000        0.578074
     849.000000        0.526451
     850.000000        0.410207
     851.000000        0.251067
     852.000000        0.172477
     853.000000        0.269513
     854.000000        0.420262
     855.000000        0.521639
     856.000000        0.561876
     857.000000        0.547702
     858.000000        0.478763
     859.000000        0.356050
     860.000000        0.225324
     861.000000        0.201604
     862.000000        0.308802
     863.000000        0.435533
     864.000000        0.516217
     865.000000        0.544113
     866.000000        0.522977
     867.000000        0.452626
     868.000000        0.339488
     869.000000        0.231572
     870.000000        0.220054
     871.000000        0.314368
     872.000000        0.426593
     873.000000        0.501376
     874.000000        0.529484
     875.000000        0.512849
     876.000000        0.451774
     877.000000        0.351961
     878.000000        0.250262
     879.000000        0.222362
     880.000000        0.294543
     881.000000        0.400666
     882.000000        0.481460
     883.000000        0.520415
     884.000000        0.517445
     885.000000        0.472806
     886.000000        0.388000
     887.000000        0.283138
     888.000000        0.219157
     889.000000        0.253471
     890.000000        0.353868
     891.000000        0.450270
     892.000000        0.510201
     893.000000        0.529145
     894.000000        0.507814
     895.000000        0.445287
     896.000000        0.346085
     897.000000        0.243470
     898.000000        0.209507
     899.000000        0.277401
     900.000000        0.387879
     901.000000        0.478432
     902.000000        0.529133
     903.000000        0.539542
     904.000000        0.510176
     905.000000        0.438942
     906.000000        0.330381
     907.000000        0.222575
     908.000000        0.195409
     909.000000        0.277338
     910.000000        0.397592
     911.000000        0.492540
     912.000000        0.545517
     913.000000        0.558074
     914.000000        0.531207
     915.000000        0.461495
     916.000000        0.348347
     917.000000        0.221519
     918.000000        0.167761
     919.000000        0.243332
     920.000000        0.378037
     921.000000        0.490508
     922.000000        0.557962
     923.000000        0.583306
     924.000000        0.569846
     925.000000        0.514662
     926.000000        0.410758
     927.000000        0.265472
     928.000000        0.147787
     929.000000        0.170179
     930.000000        0.312490
     931.000000        0.457960
     932.000000        0.555369
     933.000000        0.605099
     934.000000        0.615073
     935.000000        0.586874
     936.000000        0.513579
     937.000000        0.383851
     938.000000        0.210763
     939.000000        0.100580
     940.000000        0.179556
     941.000000        0.361235
     942.000000        0.512247
     943.000000        0.603723
     944.000000        0.647343
     945.000000        0.653382
     946.000000        0.622897
     947.000000        0.546603
     948.000000        0.406687
     949.000000        0.205119
     950.000000        0.062129
     951.000000        0.155384
     952.000000        0.371507
     953.000000        0.540642
     954.000000        0.639278
     955.000000        0.687815
     956.000000        0.700643
     957.000000        0.681191
     958.000000        0.621854
     959.000000        0.501464
     960.000000        0.293141
     961.000000        0.058233
     962.000000        0.071750
     963.000000        0.327409
     964.000000        0.544853
     965.000000        0.668622
     966.000000        0.730798
     967.000000        0.754994
     968.000000        0.750324
     969.000000        0.714728
     970.000000        0.634418
     971.000000        0.478261
     972.000000        0.219473
     973.000000    7.812548e-03
     974.000000        0.147736
     975.000000        0.422599
     976.000000        0.604727
     977.000000        0.701460
     978.000000        0.748097
     979.000000        0.763331
     980.000000        0.753130
     981.000000        0.713922
     982.000000        0.630871
     983.000000        0.473538
     984.000000        0.217970
     985.000000    7.997489e-03
     986.000000        0.135847
     987.000000        0.407183
     988.000000        0.593503
     989.000000        0.694976
     990.000000        0.745799
     991.000000        0.765341
     992.000000        0.760799
     993.000000        0.730734
     994.000000        0.664421
     995.000000        0.537688
     996.000000        0.317953
     997.000000        0.057598
     998.000000        0.044718
     999.000000        0.298778
    1000.000000        0.525190
