Wavelength (nm)	Reflectance 
200	0.1188119
201	0.1346422
202	0.1474237
203	0.1567865
204	0.162532
205	0.1645983
206	0.163035
207	0.1579877
208	0.1496924
209	0.1384764
210	0.124764
211	0.1064002
212	0.0864989
213	0.066188
214	0.0467103
215	0.029338
216	0.0154124
217	0.0056341
218	0.0006264
219	0.0006207
220	0.0054393
221	0.0144302
222	0.026826
223	0.04168
224	0.0579984
225	0.0748302
226	0.0912174
227	0.1065883
228	0.1203928
229	0.1322172
230	0.1417704
231	0.1488317
232	0.1533906
233	0.1554174
234	0.1549401
235	0.1520376
236	0.1469106
237	0.1396864
238	0.1305741
239	0.1198276
240	0.1077461
241	0.0948064
242	0.0812669
243	0.0675382
244	0.0540551
245	0.0412614
246	0.0296265
247	0.0195091
248	0.0112575
249	0.0051481
250	0.001368
251	6.2e-06
252	0.001004
253	0.0042542
254	0.0095667
255	0.0166843
256	0.0252481
257	0.0349699
258	0.0455145
259	0.0565531
260	0.0677752
261	0.0788672
262	0.0896127
263	0.0997974
264	0.1092427
265	0.1178021
266	0.1253286
267	0.1317827
268	0.1371027
269	0.1412484
270	0.1441981
271	0.1459508
272	0.146519
273	0.1459243
274	0.1441997
275	0.1413889
276	0.1375915
277	0.1328386
278	0.1272026
279	0.1207654
280	0.1136185
281	0.1058627
282	0.0976081
283	0.0889728
284	0.0800827
285	0.0710699
286	0.0621432
287	0.0533647
288	0.0448708
289	0.0367955
290	0.0292671
291	0.0224053
292	0.0163186
293	0.0111012
294	0.0068307
295	0.0035655
296	0.0013574
297	0.0001953
298	7.71e-05
299	0.000981
300	0.0028674
301	0.0056803
302	0.0093496
303	0.0137943
304	0.0189244
305	0.0246437
306	0.03083
307	0.0374038
308	0.0442671
309	0.0513246
310	0.0584852
311	0.0656393
312	0.0727332
313	0.079695
314	0.0864599
315	0.0929698
316	0.0991738
317	0.1050274
318	0.1104927
319	0.1155377
320	0.1201358
321	0.1242573
322	0.1278983
323	0.1310467
324	0.1336942
325	0.135836
326	0.1374729
327	0.1386082
328	0.1392457
329	0.1393917
330	0.1390548
331	0.1382456
332	0.1369766
333	0.1352625
334	0.1331193
335	0.1305651
336	0.1276409
337	0.1243494
338	0.1207133
339	0.1167565
340	0.1125046
341	0.1079848
342	0.1032252
343	0.0982556
344	0.093107
345	0.0878113
346	0.0824017
347	0.0769121
348	0.071377
349	0.0658317
350	0.0603112
351	0.0548793
352	0.0495412
353	0.0443312
354	0.0392825
355	0.0344275
356	0.0297972
357	0.0254206
358	0.0213253
359	0.0175364
360	0.0140766
361	0.0109661
362	0.008222
363	0.0058586
364	0.0038871
365	0.0023153
366	0.0011527
367	0.0003923
368	3.26e-05
369	6.92e-05
370	0.0004947
371	0.0012994
372	0.0024707
373	0.0039941
374	0.0058528
375	0.0080284
376	0.0104889
377	0.0132228
378	0.0162084
379	0.0194232
380	0.0228439
381	0.0264476
382	0.0302108
383	0.0341102
384	0.0381231
385	0.042227
386	0.0464001
387	0.0506212
388	0.0548701
389	0.0591274
390	0.0633748
391	0.0675947
392	0.0717706
393	0.0758874
394	0.0799305
395	0.0838868
396	0.0877438
397	0.0914906
398	0.0951168
399	0.098613
400	0.101971
401	0.1051735
402	0.1082254
403	0.1111209
404	0.1138552
405	0.1164238
406	0.118823
407	0.12105
408	0.123102
409	0.1249774
410	0.1266747
411	0.1281929
412	0.1295318
413	0.1306912
414	0.1316716
415	0.1324737
416	0.1330986
417	0.1335478
418	0.133823
419	0.1339263
420	0.13386
421	0.1336267
422	0.1332292
423	0.1326706
424	0.1319541
425	0.1310834
426	0.1300765
427	0.1289244
428	0.1276313
429	0.1262012
430	0.1246386
431	0.122948
432	0.1211342
433	0.119202
434	0.1171564
435	0.1150027
436	0.1127254
437	0.1103497
438	0.1078815
439	0.1053265
440	0.1026906
441	0.1000251
442	0.097292
443	0.0944975
444	0.0916475
445	0.0887483
446	0.0857827
447	0.0827805
448	0.079748
449	0.076692
450	0.0736191
451	0.0705356
452	0.0674483
453	0.0643638
454	0.0612886
455	0.0582293
456	0.0551923
457	0.0521841
458	0.049211
459	0.0462791
460	0.0433946
461	0.0405835
462	0.0378305
463	0.035141
464	0.0325206
465	0.0299743
466	0.0274902
467	0.0250911
468	0.022782
469	0.0205669
470	0.0184502
471	0.0164489
472	0.0145517
473	0.0127616
474	0.0110817
475	0.0095143
476	0.0080619
477	0.0067264
478	0.0055095
479	0.0044126
480	0.0034366
481	0.0025825
482	0.0018504
483	0.0012408
484	0.0007533
485	0.0003875
486	0.0001427
487	1.79e-05
488	1.19e-05
489	0.0001231
490	0.0003497
491	0.0006898
492	0.0011412
493	0.0017013
494	0.0023678
495	0.0031376
496	0.004008
497	0.0049758
498	0.0060377
499	0.0071904
500	0.0084305
501	0.0097458
502	0.0111404
503	0.0126106
504	0.0141526
505	0.0157629
506	0.0174479
507	0.0191942
508	0.0209978
509	0.0228548
510	0.0247615
511	0.0267141
512	0.0287086
513	0.0307413
514	0.0328085
515	0.0349066
516	0.0370197
517	0.0391565
518	0.0413135
519	0.0434873
520	0.0456748
521	0.0478849
522	0.0501022
523	0.0523237
524	0.0545464
525	0.0567673
526	0.0589724
527	0.0611708
528	0.0633599
529	0.0655373
530	0.0677006
531	0.0698475
532	0.0719761
533	0.0740841
534	0.0761696
535	0.0782307
536	0.0802748
537	0.0822904
538	0.0842759
539	0.0862298
540	0.0881504
541	0.0900292
542	0.0918728
543	0.0936801
544	0.09545
545	0.0971815
546	0.0988734
547	0.100525
548	0.1021353
549	0.1037037
550	0.1052293
551	0.1067116
552	0.1081499
553	0.1095437
554	0.1108925
555	0.1121959
556	0.1134534
557	0.1146649
558	0.1158299
559	0.1169482
560	0.1180196
561	0.1190441
562	0.1200214
563	0.1209514
564	0.1218342
565	0.1226697
566	0.123458
567	0.124199
568	0.124893
569	0.12554
570	0.1261401
571	0.1266936
572	0.1272006
573	0.1276614
574	0.1280761
575	0.1284452
576	0.1287689
577	0.1290474
578	0.1292811
579	0.1294705
580	0.1296157
581	0.1297252
582	0.129792
583	0.1298167
584	0.1297997
585	0.1297413
586	0.1296326
587	0.1294829
588	0.1292926
589	0.1290624
590	0.1287926
591	0.1284838
592	0.1281367
593	0.1277516
594	0.1273292
595	0.12687
596	0.1263747
597	0.1258438
598	0.1252779
599	0.1246776
600	0.1240436
601	0.1233901
602	0.1227045
603	0.1219876
604	0.1212398
605	0.1204619
606	0.1196397
607	0.1187882
608	0.1179081
609	0.1170001
610	0.1160649
611	0.1151187
612	0.1141471
613	0.1131505
614	0.1121298
615	0.1110856
616	0.1100022
617	0.1088964
618	0.1077689
619	0.1066206
620	0.105452
621	0.1042639
622	0.1030571
623	0.1018322
624	0.1005901
625	0.0993314
626	0.0980744
627	0.0968025
628	0.0955163
629	0.0942166
630	0.0929042
631	0.0915797
632	0.0902439
633	0.0888975
634	0.0875413
635	0.0861758
636	0.0847841
637	0.0833847
638	0.0819784
639	0.0805658
640	0.0791478
641	0.0777426
642	0.0763334
643	0.0749208
644	0.0735056
645	0.0720883
646	0.0706523
647	0.0692159
648	0.0677797
649	0.0663445
650	0.064911
651	0.0634969
652	0.0620856
653	0.0606778
654	0.0592742
655	0.0578754
656	0.0564821
657	0.0550949
658	0.0537145
659	0.0523414
660	0.0509763
661	0.0496041
662	0.0482413
663	0.0468887
664	0.0455468
665	0.0442162
666	0.0429125
667	0.0416207
668	0.0403416
669	0.0390757
670	0.0378234
671	0.0365853
672	0.0353619
673	0.0341537
674	0.0329611
675	0.0317847
676	0.0306249
677	0.029482
678	0.0283567
679	0.0272492
680	0.02616
681	0.0250778
682	0.0240151
683	0.0229723
684	0.0219498
685	0.0209479
686	0.0199774
687	0.0190276
688	0.018099
689	0.0171917
690	0.016306
691	0.0154422
692	0.0146005
693	0.0137811
694	0.0129844
695	0.0122104
696	0.0114595
697	0.0107316
698	0.0100271
699	0.0093461
700	0.0086886
701	0.0080548
702	0.0074449
703	0.0068589
704	0.0062969
705	0.005759
706	0.0052452
707	0.0047556
708	0.0042902
709	0.0038491
710	0.0034321
711	0.0030394
712	0.0026709
713	0.0023266
714	0.0020064
715	0.0017103
716	0.0014382
717	0.00119
718	0.0009657
719	0.0007651
720	0.0005882
721	0.000434
722	0.0003035
723	0.0001965
724	0.0001129
725	5.24e-05
726	1.49e-05
727	2e-07
728	8.2e-06
729	3.86e-05
730	9.13e-05
731	0.0001655
732	0.0002613
733	0.0003785
734	0.0005169
735	0.0006761
736	0.000856
737	0.0010563
738	0.0012767
739	0.001517
740	0.001777
741	0.0020563
742	0.0023547
743	0.0026718
744	0.0030075
745	0.0033614
746	0.0037332
747	0.0041227
748	0.0045295
749	0.0049533
750	0.0053938
751	0.0058508
752	0.0063238
753	0.0068126
754	0.0073169
755	0.0078364
756	0.0083707
757	0.0089195
758	0.0094826
759	0.0100594
760	0.0106499
761	0.0112508
762	0.0118646
763	0.0124909
764	0.0131294
765	0.0137797
766	0.0144416
767	0.0151147
768	0.0157987
769	0.0164934
770	0.0171984
771	0.0179164
772	0.0186442
773	0.0193814
774	0.0201278
775	0.0208829
776	0.0216465
777	0.0224183
778	0.0231979
779	0.0239852
780	0.0247797
781	0.0255812
782	0.0263894
783	0.027204
784	0.0280246
785	0.0288511
786	0.0296832
787	0.0305204
788	0.0313627
789	0.0322096
790	0.033061
791	0.0339165
792	0.0347759
793	0.035639
794	0.0365054
795	0.037375
796	0.0382474
797	0.0391224
798	0.0399998
799	0.0408794
800	0.0417608
801	0.0426439
802	0.0435284
803	0.0444141
804	0.0453008
805	0.0461883
806	0.0470762
807	0.0479646
808	0.048853
809	0.0497414
810	0.0506294
811	0.051514
812	0.0523979
813	0.053281
814	0.0541632
815	0.0550441
816	0.0559237
817	0.0568017
818	0.0576781
819	0.0585526
820	0.059425
821	0.060298
822	0.0611685
823	0.0620365
824	0.0629017
825	0.063764
826	0.0646234
827	0.0654795
828	0.0663323
829	0.0671817
830	0.0680275
831	0.0688673
832	0.0697033
833	0.0705355
834	0.0713636
835	0.0721877
836	0.0730075
837	0.073823
838	0.074634
839	0.0754405
840	0.0762424
841	0.0770413
842	0.0778354
843	0.0786244
844	0.0794082
845	0.0801869
846	0.0809603
847	0.0817282
848	0.0824907
849	0.0832477
850	0.083999
851	0.0847447
852	0.0854846
853	0.0862186
854	0.0869467
855	0.0876689
856	0.088385
857	0.0890951
858	0.089799
859	0.0904967
860	0.0911881
861	0.0918725
862	0.0925505
863	0.0932223
864	0.0938878
865	0.0945468
866	0.0951994
867	0.0958456
868	0.0964853
869	0.0971184
870	0.0977449
871	0.0983651
872	0.0989786
873	0.0995853
874	0.1001852
875	0.1007783
876	0.1013645
877	0.1019438
878	0.1025163
879	0.1030818
880	0.1036404
881	0.1041923
882	0.1047374
883	0.1052756
884	0.1058069
885	0.1063312
886	0.1068488
887	0.1073593
888	0.107863
889	0.1083597
890	0.1088496
891	0.1093324
892	0.1098083
893	0.1102773
894	0.1107393
895	0.1111944
896	0.1116425
897	0.1120837
898	0.1125179
899	0.1129452
900	0.1133656
901	0.1137777
902	0.1141827
903	0.1145808
904	0.1149718
905	0.1153559
906	0.1157329
907	0.116103
908	0.1164661
909	0.1168222
910	0.1171714
911	0.1175156
912	0.1178529
913	0.1181834
914	0.1185072
915	0.1188242
916	0.1191344
917	0.1194379
918	0.1197347
919	0.1200248
920	0.1203082
921	0.1205826
922	0.1208503
923	0.1211113
924	0.1213656
925	0.1216132
926	0.1218542
927	0.1220886
928	0.1223163
929	0.1225375
930	0.1227522
931	0.1229631
932	0.1231677
933	0.1233659
934	0.1235577
935	0.1237432
936	0.1239224
937	0.1240953
938	0.124262
939	0.1244225
940	0.1245767
941	0.1247248
942	0.1248668
943	0.1250027
944	0.1251325
945	0.1252562
946	0.1253739
947	0.1254856
948	0.1255914
949	0.1256913
950	0.1257852
951	0.1258696
952	0.1259481
953	0.1260207
954	0.1260874
955	0.1261484
956	0.1262035
957	0.1262529
958	0.1262965
959	0.1263345
960	0.1263668
961	0.1263976
962	0.1264228
963	0.1264426
964	0.1264569
965	0.1264658
966	0.1264693
967	0.1264675
968	0.1264603
969	0.1264479
970	0.1264302
971	0.1264073
972	0.1263792
973	0.126346
974	0.1263076
975	0.1262642
976	0.1262158
977	0.1261623
978	0.1261038
979	0.1260404
980	0.1259721
981	0.1258942
982	0.1258114
983	0.1257237
984	0.1256311
985	0.1255338
986	0.1254318
987	0.1253249
988	0.1252135
989	0.1250973
990	0.1249766
991	0.1248563
992	0.1247315
993	0.1246022
994	0.1244686
995	0.1243305
996	0.1241882
997	0.1240414
998	0.1238905
999	0.1237352
1000	0.1235758
