Wavelength (nm)	Reflectance
500	0.1170705
501	0.1148187
502	0.1124335
503	0.1099216
504	0.1072902
505	0.1045466
506	0.1016718
507	0.0986992
508	0.095637
509	0.0924939
510	0.089278
511	0.0859985
512	0.0826644
513	0.0792847
514	0.0758688
515	0.0724262
516	0.068995
517	0.0655559
518	0.0621182
519	0.0586913
520	0.0552849
521	0.0518808
522	0.0485168
523	0.0452022
524	0.0419464
525	0.0387586
526	0.0356716
527	0.0326685
528	0.0297574
529	0.0269463
530	0.0242429
531	0.0216543
532	0.0191874
533	0.0168488
534	0.0146443
535	0.0125796
536	0.0106455
537	0.0088632
538	0.0072367
539	0.0057695
540	0.0044648
541	0.0033328
542	0.0023647
543	0.001562
544	0.0009253
545	0.0004548
546	0.0001501
547	1.02e-05
548	3.39e-05
549	0.000219
550	0.0005632
551	0.0010637
552	0.0017172
553	0.0025199
554	0.0034677
555	0.0045563
556	0.0057807
557	0.007136
558	0.0086169
559	0.0102177
560	0.0119328
561	0.0137561
562	0.0156815
563	0.0177029
564	0.0198139
565	0.0220081
566	0.0242792
567	0.0266208
568	0.0290264
569	0.0314896
570	0.0340042
571	0.0365639
572	0.0391623
573	0.0417938
574	0.0444522
575	0.0471317
576	0.0498267
577	0.0525317
578	0.0552412
579	0.0579502
580	0.0606536
581	0.0633301
582	0.065992
583	0.0686351
584	0.0712551
585	0.0738482
586	0.0764254
587	0.0789672
588	0.0814703
589	0.0839314
590	0.0863471
591	0.0887147
592	0.0910312
593	0.093294
594	0.0955008
595	0.0976492
596	0.0997371
597	0.1017625
598	0.1037236
599	0.1056188
600	0.1074465
601	0.1091986
602	0.1108819
603	0.1124952
604	0.1140376
605	0.1155082
606	0.1169096
607	0.1182364
608	0.119488
609	0.120664
610	0.1217639
611	0.1227876
612	0.123736
613	0.1246092
614	0.1254071
615	0.1261298
616	0.126774
617	0.127342
618	0.127834
619	0.1282502
620	0.1285912
621	0.1288574
622	0.1290492
623	0.1291673
624	0.1292123
625	0.1291848
626	0.1290952
627	0.1289357
628	0.1287073
629	0.1284108
630	0.1280469
631	0.1276168
632	0.1271212
633	0.1265613
634	0.125938
635	0.1252525
636	0.1244908
637	0.1236681
638	0.1227857
639	0.1218448
640	0.1208466
641	0.1198099
642	0.1187194
643	0.1175765
644	0.1163827
645	0.1151392
646	0.1138284
647	0.1124702
648	0.111066
649	0.1096176
650	0.1081265
651	0.1066149
652	0.1050644
653	0.1034765
654	0.1018529
655	0.1001952
656	0.0985051
657	0.0967842
658	0.0950343
659	0.0932572
660	0.0914545
661	0.0896053
662	0.0877338
663	0.085842
664	0.0839317
665	0.0820048
666	0.0800862
667	0.0781546
668	0.076212
669	0.0742602
670	0.072301
671	0.0703363
672	0.068368
673	0.0663978
674	0.0644277
675	0.0624594
676	0.0604949
677	0.0585358
678	0.0565842
679	0.0546416
680	0.05271
681	0.0507699
682	0.0488446
683	0.0469361
684	0.0450461
685	0.0431763
686	0.0413485
687	0.0395438
688	0.0377636
689	0.0360096
690	0.0342834
691	0.0325865
692	0.0309203
693	0.0292863
694	0.0276859
695	0.0261205
696	0.0245913
697	0.0230997
698	0.0216469
699	0.0202339
700	0.0188621
701	0.0175324
702	0.0162459
703	0.0150035
704	0.0138063
705	0.012655
706	0.0115505
707	0.0104935
708	0.0094847
709	0.0085249
710	0.0076145
711	0.0067541
712	0.0059442
713	0.0051852
714	0.0044775
715	0.0038213
716	0.0032169
717	0.0026645
718	0.0021642
719	0.0017161
720	0.0013202
721	0.0009748
722	0.0006821
723	0.0004419
724	0.0002539
725	0.0001179
726	3.35e-05
727	5e-07
728	1.85e-05
729	8.69e-05
730	0.0002053
731	0.0003721
732	0.0005874
733	0.0008504
734	0.0011605
735	0.001517
736	0.0019192
737	0.0023664
738	0.0028576
739	0.0033922
740	0.0039692
741	0.0045878
742	0.0052471
743	0.0059461
744	0.0066839
745	0.0074595
746	0.008272
747	0.0091203
748	0.0100033
749	0.0109201
750	0.0118697
751	0.0128509
752	0.0138626
753	0.0149039
754	0.0159736
755	0.0170707
756	0.018194
757	0.0193424
758	0.0205149
759	0.0217104
760	0.0229278
761	0.0241604
762	0.0254126
763	0.0266834
764	0.0279717
765	0.0292764
766	0.0305965
767	0.031931
768	0.0332789
769	0.0346391
770	0.0360107
771	0.0373986
772	0.0387959
773	0.0402017
774	0.0416149
775	0.0430346
776	0.0444601
777	0.0458902
778	0.0473241
779	0.048761
780	0.0501999
781	0.0516401
782	0.0530806
783	0.0545207
784	0.0559596
785	0.0573965
786	0.0588306
787	0.0602612
788	0.0616876
789	0.0631091
790	0.064525
791	0.0659345
792	0.0673372
793	0.0687323
794	0.0701192
795	0.0714974
796	0.0728662
797	0.0742251
798	0.0755735
799	0.0769109
800	0.0782369
801	0.0795508
802	0.0808523
803	0.0821409
804	0.0834161
805	0.0846775
806	0.0859247
807	0.0871573
808	0.0883749
809	0.0895772
810	0.0907639
811	0.0919312
812	0.0930824
813	0.0942173
814	0.0953354
815	0.0964365
816	0.0975204
817	0.0985869
818	0.0996355
819	0.1006663
820	0.1016788
821	0.102675
822	0.1036523
823	0.1046107
824	0.1055499
825	0.1064698
826	0.1073702
827	0.1082509
828	0.109112
829	0.1099532
830	0.1107744
831	0.1115748
832	0.1123554
833	0.1131159
834	0.1138565
835	0.1145769
836	0.1152771
837	0.1159572
838	0.1166169
839	0.1172564
840	0.1178756
841	0.1184738
842	0.1190514
843	0.1196085
844	0.1201449
845	0.1206607
846	0.1211559
847	0.1216306
848	0.1220847
849	0.1225184
850	0.1229316
851	0.1233243
852	0.1236967
853	0.1240488
854	0.1243807
855	0.1246923
856	0.1249839
857	0.1252554
858	0.1255069
859	0.1257385
860	0.1259504
861	0.1261457
862	0.1263216
863	0.1264782
864	0.1266157
865	0.1267341
866	0.1268335
867	0.126914
868	0.1269759
869	0.127019
870	0.1270437
871	0.1270457
872	0.1270293
873	0.1269945
874	0.1269415
875	0.1268704
876	0.1267814
877	0.1266745
878	0.1265501
879	0.1264081
880	0.1262488
881	0.1260776
882	0.1258896
883	0.1256849
884	0.1254636
885	0.125226
886	0.1249721
887	0.1247022
888	0.1244164
889	0.1241148
890	0.1237977
891	0.1234652
892	0.1231174
893	0.1227546
894	0.1223769
895	0.1219845
896	0.1215776
897	0.1211563
898	0.1207208
899	0.1202714
900	0.1198082
901	0.1193243
902	0.1188268
903	0.1183159
904	0.1177918
905	0.1172548
906	0.1167048
907	0.1161423
908	0.1155674
909	0.1149802
910	0.114381
911	0.1137777
912	0.1131628
913	0.1125367
914	0.1118994
915	0.1112512
916	0.1105923
917	0.1099229
918	0.1092431
919	0.1085533
920	0.1078535
921	0.1071359
922	0.1064087
923	0.1056721
924	0.1049263
925	0.1041716
926	0.1034081
927	0.1026362
928	0.1018559
929	0.1010675
930	0.1002712
931	0.0994757
932	0.098673
933	0.0978629
934	0.0970459
935	0.0962222
936	0.0953918
937	0.0945551
938	0.0937123
939	0.0928635
940	0.092009
941	0.0911491
942	0.0902838
943	0.0894134
944	0.0885382
945	0.0876584
946	0.086774
947	0.0858855
948	0.084993
949	0.0840966
950	0.0831966
951	0.0822845
952	0.0813692
953	0.0804509
954	0.0795298
955	0.0786063
956	0.0776805
957	0.0767526
958	0.0758228
959	0.0748912
960	0.0739583
961	0.0730328
962	0.0721062
963	0.0711787
964	0.0702507
965	0.069322
966	0.0683932
967	0.0674643
968	0.0665356
969	0.0656072
970	0.0646794
971	0.0637523
972	0.0628261
973	0.0619011
974	0.0609773
975	0.0600552
976	0.0591347
977	0.0582162
978	0.0572997
979	0.0563856
980	0.0554739
981	0.0545569
982	0.0536427
983	0.0527317
984	0.0518239
985	0.0509197
986	0.0500192
987	0.0491225
988	0.0482299
989	0.0473414
990	0.0464574
991	0.0455855
992	0.0447182
993	0.0438557
994	0.0429982
995	0.0421457
996	0.0412986
997	0.0404568
998	0.0396207
999	0.0387903
1000	0.0379658
1001	0.0371473
1002	0.0363351
1003	0.0355293
1004	0.0347298
1005	0.0339371
1006	0.0331511
1007	0.032372
1008	0.0315999
1009	0.030835
1010	0.0300774
1011	0.0293273
1012	0.0285847
1013	0.0278498
1014	0.0271227
1015	0.0264036
1016	0.0256924
1017	0.0249895
1018	0.0242948
1019	0.0236084
1020	0.0229306
1021	0.0222558
1022	0.0215899
1023	0.0209329
1024	0.020285
1025	0.0196461
1026	0.0190166
1027	0.0183963
1028	0.0177855
1029	0.0171841
1030	0.0165924
1031	0.0160149
1032	0.0154469
1033	0.0148887
1034	0.01434
1035	0.0138012
1036	0.0132721
1037	0.012753
1038	0.0122438
1039	0.0117446
1040	0.0112554
1041	0.0107764
1042	0.0103075
1043	0.0098488
1044	0.0094003
1045	0.0089622
1046	0.0085343
1047	0.0081168
1048	0.0077096
1049	0.0073129
1050	0.0069267
1051	0.0065509
1052	0.0061856
1053	0.0058307
1054	0.0054865
1055	0.0051527
1056	0.0048295
1057	0.0045169
1058	0.0042148
1059	0.0039233
1060	0.0036424
1061	0.003372
1062	0.0031122
1063	0.002863
1064	0.0026244
1065	0.0023963
1066	0.0021787
1067	0.0019716
1068	0.0017751
1069	0.0015891
1070	0.0014135
1071	0.0012471
1072	0.0010913
1073	0.0009461
1074	0.0008114
1075	0.0006872
1076	0.0005735
1077	0.0004701
1078	0.0003772
1079	0.0002946
1080	0.0002223
1081	0.0001607
1082	0.0001091
1083	6.75e-05
1084	3.6e-05
1085	1.43e-05
1086	2.4e-06
1087	4e-07
1088	8.2e-06
1089	2.56e-05
1090	5.27e-05
1091	8.93e-05
1092	0.0001355
1093	0.0001911
1094	0.0002561
1095	0.0003304
1096	0.000414
1097	0.0005068
1098	0.0006087
1099	0.0007197
1100	0.0008396
1101	0.0009685
1102	0.0011062
1103	0.0012526
1104	0.0014078
1105	0.0015715
1106	0.0017438
1107	0.0019245
1108	0.0021136
1109	0.002311
1110	0.0025166
1111	0.0027303
1112	0.002952
1113	0.0031818
1114	0.0034193
1115	0.0036647
1116	0.0039178
1117	0.0041785
1118	0.0044467
1119	0.0047224
1120	0.0050054
1121	0.0052957
1122	0.0055931
1123	0.0058976
1124	0.0062091
1125	0.0065276
1126	0.0068528
1127	0.0071847
1128	0.0075233
1129	0.0078684
1130	0.0082199
1131	0.0085803
1132	0.008947
1133	0.0093199
1134	0.0096989
1135	0.010084
1136	0.0104751
1137	0.010872
1138	0.0112746
1139	0.0116829
1140	0.0120968
1141	0.0125133
1142	0.0129352
1143	0.0133623
1144	0.0137944
1145	0.0142317
1146	0.0146738
1147	0.0151209
1148	0.0155726
1149	0.0160291
1150	0.0164901
1151	0.0169556
1152	0.0174254
1153	0.0178996
1154	0.0183779
1155	0.0188604
1156	0.0193469
1157	0.0198374
1158	0.0203316
1159	0.0208296
1160	0.0213313
1161	0.0218365
1162	0.0223453
1163	0.0228574
1164	0.0233729
1165	0.0238915
1166	0.0244133
1167	0.0249382
1168	0.025466
1169	0.0259967
1170	0.0265302
1171	0.0270664
1172	0.0276052
1173	0.0281465
1174	0.0286903
1175	0.0292366
1176	0.029785
1177	0.0303358
1178	0.0308886
1179	0.0314436
1180	0.0320004
1181	0.0325592
1182	0.0331198
1183	0.0336822
1184	0.0342462
1185	0.0348118
1186	0.0353789
1187	0.0359475
1188	0.0365174
1189	0.0370887
1190	0.0376611
1191	0.0382346
1192	0.0388093
1193	0.039385
1194	0.0399617
1195	0.0405391
1196	0.0411174
1197	0.0416964
1198	0.0422761
1199	0.0428564
1200	0.0434372
1201	0.0440216
1202	0.0446065
1203	0.0451916
1204	0.045777
1205	0.0463625
1206	0.0469481
1207	0.0475339
1208	0.0481196
1209	0.0487053
1210	0.0492908
1211	0.0498731
1212	0.0504552
1213	0.0510371
1214	0.0516186
1215	0.0521998
1216	0.0527806
1217	0.0533608
1218	0.0539405
1219	0.0545197
1220	0.0550981
1221	0.0556759
1222	0.0562529
1223	0.0568291
1224	0.0574046
1225	0.0579791
1226	0.0585526
1227	0.0591252
1228	0.0596968
1229	0.0602672
1230	0.0608366
1231	0.0614047
1232	0.0619717
1233	0.0625373
1234	0.0631018
1235	0.0636648
1236	0.0642265
1237	0.0647867
1238	0.0653454
1239	0.0659027
1240	0.0664584
1241	0.0670126
1242	0.0675651
1243	0.068116
1244	0.0686651
1245	0.0692126
1246	0.0697583
1247	0.0703022
1248	0.0708442
1249	0.0713844
1250	0.0719227
1251	0.072459
1252	0.0729934
1253	0.0735258
1254	0.0740562
1255	0.0745845
1256	0.0751107
1257	0.0756348
1258	0.0761568
1259	0.0766766
1260	0.0771942
1261	0.0777096
1262	0.0782228
1263	0.0787336
1264	0.0792422
1265	0.0797484
1266	0.0802523
1267	0.0807537
1268	0.0812528
1269	0.0817495
1270	0.0822437
1271	0.0827369
1272	0.0832274
1273	0.0837154
1274	0.0842007
1275	0.0846835
1276	0.0851636
1277	0.0856411
1278	0.0861158
1279	0.086588
1280	0.0870573
1281	0.087523
1282	0.087986
1283	0.0884463
1284	0.0889038
1285	0.0893587
1286	0.0898108
1287	0.0902602
1288	0.0907068
1289	0.0911506
1290	0.0915916
1291	0.0920298
1292	0.0924652
1293	0.0928977
1294	0.0933275
1295	0.0937543
1296	0.0941783
1297	0.0945993
1298	0.0950175
1299	0.0954328
1300	0.0958452
1301	0.0962546
1302	0.0966611
1303	0.0970647
1304	0.0974653
1305	0.097863
1306	0.0982577
1307	0.0986494
1308	0.0990382
1309	0.0994239
1310	0.0998067
1311	0.1001864
1312	0.1005632
1313	0.1009369
1314	0.1013076
1315	0.1016753
1316	0.1020399
1317	0.1024015
1318	0.1027601
1319	0.1031156
1320	0.1034681
1321	0.1038176
1322	0.1041639
1323	0.1045072
1324	0.1048475
1325	0.1051847
1326	0.1055188
1327	0.1058498
1328	0.1061778
1329	0.1065027
1330	0.1068246
1331	0.1071433
1332	0.1074589
1333	0.1077716
1334	0.1080811
1335	0.1083875
1336	0.1086908
1337	0.1089911
1338	0.1092883
1339	0.1095824
1340	0.1098734
1341	0.1101614
1342	0.1104463
1343	0.1107281
1344	0.1110068
1345	0.1112824
1346	0.111555
1347	0.1118245
1348	0.1120909
1349	0.1123543
1350	0.1126146
1351	0.1128703
1352	0.1131229
1353	0.1133724
1354	0.1136187
1355	0.113862
1356	0.1141021
1357	0.1143391
1358	0.114573
1359	0.1148038
1360	0.1150315
1361	0.1152579
1362	0.1154813
1363	0.1157018
1364	0.1159192
1365	0.1161336
1366	0.116345
1367	0.1165534
1368	0.1167587
1369	0.1169612
1370	0.1171606
1371	0.117357
1372	0.1175505
1373	0.117741
1374	0.1179285
1375	0.1181131
1376	0.1182947
1377	0.1184734
1378	0.1186491
1379	0.1188219
1380	0.1189918
1381	0.1191588
1382	0.1193228
1383	0.119484
1384	0.1196422
1385	0.1197976
1386	0.11995
1387	0.1200996
1388	0.1202463
1389	0.1203902
1390	0.1205311
1391	0.1206693
1392	0.1208046
1393	0.120937
1394	0.1210666
1395	0.1211934
1396	0.1213174
1397	0.1214386
1398	0.121557
1399	0.1216726
1400	0.1217854
1401	0.1218955
1402	0.1220027
1403	0.1221073
1404	0.122209
1405	0.1223081
1406	0.1224044
1407	0.1224979
1408	0.1225888
1409	0.1226769
1410	0.1227624
1411	0.1228418
1412	0.1229184
1413	0.1229923
1414	0.1230635
1415	0.1231319
1416	0.1231977
1417	0.1232608
1418	0.1233212
1419	0.1233789
1420	0.123434
1421	0.1234901
1422	0.1235436
1423	0.1235945
1424	0.1236429
1425	0.1236887
1426	0.1237319
1427	0.1237726
1428	0.1238108
1429	0.1238464
1430	0.1238796
1431	0.1239102
1432	0.1239383
1433	0.123964
1434	0.1239871
1435	0.1240078
1436	0.1240261
1437	0.1240419
1438	0.1240552
1439	0.1240662
1440	0.1240747
1441	0.1240808
1442	0.1240845
1443	0.1240858
1444	0.1240848
1445	0.1240814
1446	0.1240756
1447	0.1240675
1448	0.124057
1449	0.1240442
1450	0.1240291
1451	0.1240117
1452	0.123992
1453	0.12397
1454	0.1239458
1455	0.1239192
1456	0.1238904
1457	0.1238594
1458	0.1238261
1459	0.1237906
1460	0.1237529
1461	0.123713
1462	0.1236709
1463	0.1236266
1464	0.1235801
1465	0.1235315
1466	0.1234807
1467	0.1234277
1468	0.1233727
1469	0.1233155
1470	0.1232562
1471	0.1231948
1472	0.1231313
1473	0.1230657
1474	0.1229981
1475	0.1229284
1476	0.1228566
1477	0.1227828
1478	0.122707
1479	0.1226291
1480	0.1225493
1481	0.1224624
1482	0.1223735
1483	0.1222826
1484	0.1221897
1485	0.1220948
1486	0.1219979
1487	0.121899
1488	0.1217982
1489	0.1216955
1490	0.1215908
1491	0.1214893
1492	0.121386
1493	0.1212809
1494	0.1211738
1495	0.1210649
1496	0.1209542
1497	0.1208417
1498	0.1207273
1499	0.1206111
1500	0.1204931
1501	0.1203733
1502	0.1202518
1503	0.1201285
1504	0.1200034
1505	0.1198766
1506	0.119748
1507	0.1196178
1508	0.1194858
1509	0.1193521
1510	0.1192167
1511	0.1190796
1512	0.1189409
1513	0.1188005
1514	0.1186584
1515	0.1185147
1516	0.1183694
1517	0.1182224
1518	0.1180738
1519	0.1179237
1520	0.1177719
1521	0.1176186
1522	0.1174637
1523	0.1173072
1524	0.1171492
1525	0.1169896
1526	0.1168285
1527	0.1166659
1528	0.1165018
1529	0.1163362
1530	0.1161691
1531	0.1159947
1532	0.1158189
1533	0.1156415
1534	0.1154628
1535	0.1152825
1536	0.1151008
1537	0.1149177
1538	0.1147331
1539	0.1145471
1540	0.1143597
1541	0.1141768
1542	0.1139926
1543	0.1138069
1544	0.11362
1545	0.1134317
1546	0.113242
1547	0.1130511
1548	0.1128588
1549	0.1126653
1550	0.1124705
1551	0.1122744
1552	0.112077
1553	0.1118784
1554	0.1116785
1555	0.1114774
1556	0.111275
1557	0.1110715
1558	0.1108667
1559	0.1106608
1560	0.1104536
1561	0.1102453
1562	0.1100358
1563	0.1098252
1564	0.1096134
1565	0.1094005
1566	0.1091864
1567	0.1089713
1568	0.108755
1569	0.1085376
1570	0.1083191
1571	0.1080996
1572	0.107879
1573	0.1076573
1574	0.1074346
1575	0.1072108
1576	0.106986
1577	0.1067602
1578	0.1065333
1579	0.1063055
1580	0.1060766
1581	0.1058406
1582	0.1056037
1583	0.1053657
1584	0.1051267
1585	0.1048868
1586	0.104646
1587	0.1044042
1588	0.1041615
1589	0.1039179
1590	0.1036734
1591	0.1034342
1592	0.1031941
1593	0.1029532
1594	0.1027114
1595	0.1024687
1596	0.1022252
1597	0.1019809
1598	0.1017357
1599	0.1014897
1600	0.1012429
1601	0.1009953
1602	0.1007469
1603	0.1004978
1604	0.1002479
1605	0.0999972
1606	0.0997457
1607	0.0994935
1608	0.0992406
1609	0.0989869
1610	0.0987325
1611	0.0984775
1612	0.0982217
1613	0.0979652
1614	0.0977081
1615	0.0974502
1616	0.0971917
1617	0.0969326
1618	0.0966728
1619	0.0964123
1620	0.0961512
1621	0.0958895
1622	0.0956272
1623	0.0953643
1624	0.0951008
1625	0.0948367
1626	0.094572
1627	0.0943067
1628	0.0940409
1629	0.0937746
1630	0.0935076
1631	0.0932339
1632	0.0929596
1633	0.0926848
1634	0.0924095
1635	0.0921337
1636	0.0918574
1637	0.0915806
1638	0.0913034
1639	0.0910256
1640	0.0907474
1641	0.0904751
1642	0.0902023
1643	0.0899291
1644	0.0896554
1645	0.0893813
1646	0.0891068
1647	0.0888319
1648	0.0885566
1649	0.0882809
1650	0.0880048
1651	0.0877283
1652	0.0874515
1653	0.0871743
1654	0.0868968
1655	0.086619
1656	0.0863408
1657	0.0860622
1658	0.0857834
1659	0.0855042
1660	0.0852248
1661	0.084945
1662	0.084665
1663	0.0843846
1664	0.084104
1665	0.0838232
1666	0.083542
1667	0.0832607
1668	0.082979
1669	0.0826972
1670	0.0824151
1671	0.0821266
1672	0.0818379
1673	0.081549
1674	0.08126
1675	0.0809707
1676	0.0806813
1677	0.0803917
1678	0.080102
1679	0.0798121
1680	0.079522
1681	0.079238
1682	0.0789538
1683	0.0786694
1684	0.078385
1685	0.0781004
1686	0.0778158
1687	0.077531
1688	0.0772461
1689	0.0769611
1690	0.076676
1691	0.0763909
1692	0.0761057
1693	0.0758205
1694	0.0755351
1695	0.0752497
1696	0.0749643
1697	0.0746789
1698	0.0743934
1699	0.0741079
1700	0.0738223
1701	0.0735308
1702	0.0732393
1703	0.0729478
1704	0.0726563
1705	0.0723649
1706	0.0720735
1707	0.0717821
1708	0.0714909
1709	0.0711996
1710	0.0709084
1711	0.0706232
1712	0.0703381
1713	0.0700531
1714	0.0697681
1715	0.0694832
1716	0.0691984
1717	0.0689136
1718	0.068629
1719	0.0683445
1720	0.0680601
1721	0.0677758
1722	0.0674916
1723	0.0672076
1724	0.0669237
1725	0.06664
1726	0.0663563
1727	0.0660729
1728	0.0657896
1729	0.0655065
1730	0.0652235
1731	0.0649407
1732	0.0646581
1733	0.0643757
1734	0.0640935
1735	0.0638115
1736	0.0635297
1737	0.0632481
1738	0.0629667
1739	0.0626855
1740	0.0624046
1741	0.0621183
1742	0.0618322
1743	0.0615464
1744	0.0612609
1745	0.0609756
1746	0.0606907
1747	0.060406
1748	0.0601216
1749	0.0598375
1750	0.0595537
1751	0.0592758
1752	0.0589981
1753	0.0587208
1754	0.0584437
1755	0.058167
1756	0.0578905
1757	0.0576144
1758	0.0573386
1759	0.0570631
1760	0.056788
1761	0.0565132
1762	0.0562388
1763	0.0559647
1764	0.0556909
1765	0.0554175
1766	0.0551445
1767	0.0548719
1768	0.0545996
1769	0.0543277
1770	0.0540562
1771	0.0537797
1772	0.0535037
1773	0.0532281
1774	0.052953
1775	0.0526783
1776	0.052404
1777	0.0521301
1778	0.0518567
1779	0.0515838
1780	0.0513113
1781	0.0510444
1782	0.0507779
1783	0.0505119
1784	0.0502464
1785	0.0499813
1786	0.0497166
1787	0.0494524
1788	0.0491886
1789	0.0489254
1790	0.0486626
1791	0.0484003
1792	0.0481384
1793	0.0478771
1794	0.0476162
1795	0.0473558
1796	0.0470959
1797	0.0468365
1798	0.0465776
1799	0.0463193
1800	0.0460614
1801	0.0457992
1802	0.0455375
1803	0.0452763
1804	0.0450157
1805	0.0447557
1806	0.0444962
1807	0.0442373
1808	0.043979
1809	0.0437212
1810	0.0434641
1811	0.0432122
1812	0.0429609
1813	0.0427102
1814	0.04246
1815	0.0422104
1816	0.0419614
1817	0.0417129
1818	0.041465
1819	0.0412177
1820	0.040971
1821	0.0407248
1822	0.0404793
1823	0.0402343
1824	0.03999
1825	0.0397462
1826	0.0395031
1827	0.0392605
1828	0.0390186
1829	0.0387772
1830	0.0385365
1831	0.038292
1832	0.0380481
1833	0.0378048
1834	0.0375622
1835	0.0373203
1836	0.0370791
1837	0.0368384
1838	0.0365985
1839	0.0363593
1840	0.0361207
1841	0.0358871
1842	0.0356541
1843	0.0354218
1844	0.0351902
1845	0.0349592
1846	0.0347289
1847	0.0344992
1848	0.0342702
1849	0.0340419
1850	0.0338142
1851	0.0335873
1852	0.033361
1853	0.0331353
1854	0.0329104
1855	0.0326861
1856	0.0324625
1857	0.0322397
1858	0.0320175
1859	0.031796
1860	0.0315751
1861	0.0313511
1862	0.0311277
1863	0.030905
1864	0.0306831
1865	0.030462
1866	0.0302415
1867	0.0300218
1868	0.0298029
1869	0.0295847
1870	0.0293673
1871	0.0291544
1872	0.0289423
1873	0.0287308
1874	0.0285201
1875	0.0283102
1876	0.0281009
1877	0.0278924
1878	0.0276847
1879	0.0274776
1880	0.0272713
1881	0.0270658
1882	0.0268609
1883	0.0266569
1884	0.0264535
1885	0.0262509
1886	0.026049
1887	0.025848
1888	0.0256476
1889	0.025448
1890	0.0252491
1891	0.0250475
1892	0.0248467
1893	0.0246466
1894	0.0244474
1895	0.0242489
1896	0.0240513
1897	0.0238544
1898	0.0236583
1899	0.023463
1900	0.0232686
1901	0.0230782
1902	0.0228887
1903	0.0226999
1904	0.0225119
1905	0.0223247
1906	0.0221382
1907	0.0219526
1908	0.0217676
1909	0.0215835
1910	0.0214002
1911	0.0212144
1912	0.0210295
1913	0.0208453
1914	0.020662
1915	0.0204795
1916	0.0202978
1917	0.0201169
1918	0.0199368
1919	0.0197576
1920	0.0195792
1921	0.0194046
1922	0.0192309
1923	0.0190579
1924	0.0188857
1925	0.0187143
1926	0.0185437
1927	0.0183739
1928	0.0182049
1929	0.0180367
1930	0.0178693
1931	0.0176998
1932	0.0175312
1933	0.0173633
1934	0.0171963
1935	0.0170301
1936	0.0168648
1937	0.0167003
1938	0.0165366
1939	0.0163738
1940	0.0162118
1941	0.0160533
1942	0.0158957
1943	0.0157388
1944	0.0155828
1945	0.0154276
1946	0.0152732
1947	0.0151195
1948	0.0149667
1949	0.0148147
1950	0.0146635
1951	0.0145131
1952	0.0143635
1953	0.0142147
1954	0.0140667
1955	0.0139195
1956	0.0137732
1957	0.0136276
1958	0.0134829
1959	0.013339
1960	0.0131958
1961	0.0130511
1962	0.0129072
1963	0.0127642
1964	0.0126219
1965	0.0124805
1966	0.01234
1967	0.0122003
1968	0.0120614
1969	0.0119234
1970	0.0117862
1971	0.0116522
1972	0.0115189
1973	0.0113864
1974	0.0112548
1975	0.0111239
1976	0.0109939
1977	0.0108646
1978	0.0107362
1979	0.0106086
1980	0.0104818
1981	0.0103536
1982	0.0102264
1983	0.0100999
1984	0.0099743
1985	0.0098495
1986	0.0097256
1987	0.0096025
1988	0.0094802
1989	0.0093588
1990	0.0092382
1991	0.0091204
1992	0.0090034
1993	0.0088872
1994	0.0087717
1995	0.0086571
1996	0.0085433
1997	0.0084303
1998	0.0083181
1999	0.0082067
2000	0.0080961
