Wavelength (nm)	Reflectance
200	0.1160126
201	0.0859069
202	0.0545774
203	0.0268354
204	0.0074728
205	2.78e-05
206	0.0056849
207	0.0229436
208	0.0482576
209	0.0772285
210	0.1057119
211	0.1331547
212	0.152482
213	0.1620595
214	0.1613863
215	0.1508283
216	0.1318573
217	0.1063009
218	0.0770131
219	0.0477225
220	0.0226715
221	0.00597
222	1.4e-06
223	0.0054928
224	0.0210669
225	0.0437629
226	0.0697342
227	0.0957118
228	0.1189144
229	0.1373615
230	0.1498206
231	0.1556714
232	0.1549047
233	0.1477448
234	0.1347599
235	0.1168759
236	0.0956141
237	0.0724937
238	0.0495218
239	0.0288959
240	0.0127439
241	0.0028519
242	5.09e-05
243	0.0044675
244	0.0153629
245	0.0313211
246	0.0504872
247	0.0710412
248	0.0912814
249	0.1097962
250	0.1255125
251	0.1376113
252	0.1457754
253	0.1497743
254	0.1495628
255	0.1452537
256	0.1371826
257	0.1257146
258	0.1113934
259	0.0949174
260	0.077139
261	0.0591073
262	0.0418336
263	0.0264132
264	0.0138708
265	0.0050571
266	0.000565
267	0.0005579
268	0.0049188
269	0.0132062
270	0.0247238
271	0.0385681
272	0.0538605
273	0.0697099
274	0.0853059
275	0.0999552
276	0.1130247
277	0.1241845
278	0.1331279
279	0.1396515
280	0.1436387
281	0.1450485
282	0.1439054
283	0.1402924
284	0.1343488
285	0.126269
286	0.1163953
287	0.104963
288	0.0923304
289	0.0789097
290	0.0651608
291	0.0515799
292	0.0386813
293	0.0269743
294	0.0169352
295	0.0089765
296	0.0034529
297	0.0004996
298	0.0001973
299	0.0024999
300	0.0072423
301	0.0141576
302	0.0229008
303	0.0330766
304	0.0442656
305	0.0560489
306	0.0679855
307	0.0797565
308	0.0910436
309	0.1015749
310	0.1111254
311	0.1194921
312	0.1265722
313	0.1322662
314	0.1365077
315	0.1392596
316	0.1405102
317	0.1402709
318	0.1385744
319	0.1354729
320	0.131038
321	0.1253933
322	0.118623
323	0.1108536
324	0.1022303
325	0.0929169
326	0.0831414
327	0.0730542
328	0.0628626
329	0.052783
330	0.0430363
331	0.033842
332	0.0254118
333	0.0179427
334	0.0116088
335	0.006556
336	0.0029087
337	0.000713
338	3e-07
339	0.000761
340	0.0029461
341	0.0064708
342	0.0112193
343	0.0170508
344	0.0238059
345	0.0313136
346	0.0393971
347	0.0478802
348	0.0565915
349	0.0653686
350	0.0740614
351	0.0825002
352	0.0906001
353	0.0982556
354	0.1053763
355	0.1118857
356	0.117721
357	0.1228321
358	0.1271801
359	0.1307367
360	0.1334832
361	0.1354092
362	0.1365125
363	0.1367981
364	0.1362774
365	0.1349682
366	0.1329143
367	0.1301319
368	0.1266556
369	0.1225255
370	0.117787
371	0.1124909
372	0.1066935
373	0.1004559
374	0.0938445
375	0.0869306
376	0.0798307
377	0.0725838
378	0.0652713
379	0.0579772
380	0.0507868
381	0.0437853
382	0.0370575
383	0.0306856
384	0.0247482
385	0.0193185
386	0.0144635
387	0.0102418
388	0.0067035
389	0.0038881
390	0.0018244
391	0.0005301
392	1.13e-05
393	0.0002627
394	0.0012679
395	0.0030006
396	0.0054246
397	0.0084958
398	0.012163
399	0.016369
400	0.0210526
401	0.0261232
402	0.0315379
403	0.0372311
404	0.0431378
405	0.0491941
406	0.0553385
407	0.0615122
408	0.0676597
409	0.0737293
410	0.0796731
411	0.0854471
412	0.091012
413	0.096332
414	0.1013755
415	0.1061147
416	0.1105255
417	0.1145873
418	0.1182829
419	0.1215981
420	0.1245215
421	0.1270446
422	0.129161
423	0.1308671
424	0.132161
425	0.133043
426	0.1335221
427	0.1335998
428	0.1332817
429	0.1325745
430	0.1314868
431	0.1300283
432	0.1282103
433	0.1260452
434	0.1235469
435	0.1207307
436	0.1175862
437	0.1141548
438	0.1104557
439	0.1065095
440	0.1023379
441	0.0980286
442	0.0935438
443	0.0889077
444	0.084145
445	0.0792818
446	0.0743101
447	0.0692919
448	0.0642557
449	0.05923
450	0.054244
451	0.0493264
452	0.0445059
453	0.039811
454	0.0352694
455	0.030908
456	0.0267527
457	0.0228281
458	0.0191572
459	0.0157613
460	0.0126599
461	0.0098871
462	0.0074368
463	0.0053216
464	0.0035514
465	0.002134
466	0.0010687
467	0.0003684
468	3.27e-05
469	5.92e-05
470	0.0004428
471	0.0011703
472	0.0022336
473	0.0036214
474	0.0053202
475	0.0073152
476	0.0095901
477	0.0121273
478	0.0149078
479	0.0179125
480	0.0211211
481	0.024513
482	0.0280672
483	0.031763
484	0.0355794
485	0.0394958
486	0.0434918
487	0.0475476
488	0.051644
489	0.0557624
490	0.0598848
491	0.0639943
492	0.0680745
493	0.0721098
494	0.0760863
495	0.07999
496	0.0838084
497	0.0875295
498	0.0911426
499	0.0946377
500	0.0980054
501	0.1012231
502	0.1043
503	0.1072293
504	0.1100052
505	0.1126224
506	0.1150849
507	0.1173776
508	0.1194972
509	0.1214407
510	0.123206
511	0.1247913
512	0.1261953
513	0.1274171
514	0.1284565
515	0.1293134
516	0.1299926
517	0.1304931
518	0.1308162
519	0.1309631
520	0.1309357
521	0.1307257
522	0.1303434
523	0.1297917
524	0.1290734
525	0.128192
526	0.127167
527	0.1259882
528	0.1246594
529	0.1231849
530	0.121569
531	0.1198164
532	0.117932
533	0.1159207
534	0.1137878
535	0.1115388
536	0.1091547
537	0.1066649
538	0.1040755
539	0.1013929
540	0.0986239
541	0.0958024
542	0.0929087
543	0.0899499
544	0.0869331
545	0.0838653
546	0.0807541
547	0.0776068
548	0.0744311
549	0.0712344
550	0.0680247
551	0.0648095
552	0.0615966
553	0.058394
554	0.0552093
555	0.0520502
556	0.0489248
557	0.0458401
558	0.042804
559	0.0398238
560	0.0369068
561	0.0340601
562	0.0312906
563	0.0286049
564	0.0260094
565	0.0235104
566	0.0211137
567	0.018825
568	0.0166494
569	0.0145919
570	0.0126571
571	0.010849
572	0.0091717
573	0.0076282
574	0.0062217
575	0.0049546
576	0.0038292
577	0.0028472
578	0.0020097
579	0.0013176
580	0.0007713
581	0.0003735
582	0.0001187
583	6.2e-06
584	3.48e-05
585	0.0002029
586	0.0005116
587	0.0009578
588	0.0015387
589	0.0022515
590	0.0030928
591	0.0040591
592	0.0051465
593	0.0063509
594	0.0076681
595	0.0090936
596	0.0106227
597	0.0122507
598	0.0139725
599	0.0157832
600	0.0176776
601	0.0196357
602	0.0216661
603	0.0237636
604	0.0259233
605	0.02814
606	0.0304251
607	0.0327573
608	0.0351315
609	0.0375426
610	0.0399855
611	0.0424379
612	0.0449122
613	0.0474038
614	0.0499082
615	0.0524209
616	0.0549549
617	0.0574885
618	0.0600176
619	0.062538
620	0.0650461
621	0.0675382
622	0.0700106
623	0.0724599
624	0.0748828
625	0.0772763
626	0.079623
627	0.0819353
628	0.0842105
629	0.0864462
630	0.0886398
631	0.0907894
632	0.0928926
633	0.0949476
634	0.0969524
635	0.0989055
636	0.1008145
637	0.1026674
638	0.1044627
639	0.1061993
640	0.1078759
641	0.109485
642	0.1110333
643	0.1125198
644	0.1139437
645	0.1153044
646	0.1166045
647	0.117839
648	0.1190074
649	0.1201092
650	0.1211442
651	0.122112
652	0.1230139
653	0.1238496
654	0.1246193
655	0.1253228
656	0.1259602
657	0.1265318
658	0.1270376
659	0.1274778
660	0.1278529
661	0.128157
662	0.1283954
663	0.1285685
664	0.1286767
665	0.1287206
666	0.1287097
667	0.1286367
668	0.1285023
669	0.128307
670	0.1280517
671	0.127737
672	0.1273636
673	0.1269324
674	0.1264441
675	0.1258996
676	0.1252997
677	0.1246454
678	0.1239375
679	0.123177
680	0.122365
681	0.1214861
682	0.1205567
683	0.119578
684	0.1185511
685	0.1174771
686	0.1163756
687	0.11523
688	0.1140416
689	0.1128116
690	0.1115411
691	0.1102314
692	0.1088838
693	0.1074995
694	0.1060798
695	0.104626
696	0.1031396
697	0.1016217
698	0.1000738
699	0.0984972
700	0.0968933
701	0.0952636
702	0.0936095
703	0.0919323
704	0.0902335
705	0.0885147
706	0.0867772
707	0.0850226
708	0.0832523
709	0.0814679
710	0.0796708
711	0.0778625
712	0.0760447
713	0.0742186
714	0.072386
715	0.0705482
716	0.068707
717	0.0668636
718	0.0650198
719	0.063177
720	0.0613367
721	0.0594893
722	0.0576476
723	0.0558131
724	0.0539873
725	0.0521717
726	0.0503678
727	0.0485771
728	0.046801
729	0.0450409
730	0.0432983
731	0.0415846
732	0.0398907
733	0.0382182
734	0.0365682
735	0.0349421
736	0.0333411
737	0.0317664
738	0.0302194
739	0.028701
740	0.0272126
741	0.0257551
742	0.0243297
743	0.0229374
744	0.0215793
745	0.0202563
746	0.0189692
747	0.017719
748	0.0165066
749	0.0153328
750	0.0141983
751	0.013104
752	0.0120504
753	0.0110382
754	0.010068
755	0.0091404
756	0.0082559
757	0.007415
758	0.0066181
759	0.0058655
760	0.0051577
761	0.0044983
762	0.0038837
763	0.0033141
764	0.0027895
765	0.0023102
766	0.0018762
767	0.0014876
768	0.0011442
769	0.0008461
770	0.0005933
771	0.0003844
772	0.000221
773	0.0001027
774	2.93e-05
775	5e-07
776	1.6e-05
777	7.54e-05
778	0.0001783
779	0.0003243
780	0.0005129
781	0.0007436
782	0.0010159
783	0.0013292
784	0.001683
785	0.0020766
786	0.0025093
787	0.0029807
788	0.0034898
789	0.0040361
790	0.0046188
791	0.0052371
792	0.0058904
793	0.0065777
794	0.0072984
795	0.0080515
796	0.0088363
797	0.009652
798	0.0104976
799	0.0113723
800	0.0122752
801	0.0132056
802	0.0141624
803	0.0151448
804	0.0161519
805	0.0171828
806	0.0182365
807	0.0193124
808	0.0204093
809	0.0215264
810	0.0226629
811	0.0238123
812	0.024979
813	0.0261623
814	0.0273612
815	0.028575
816	0.0298027
817	0.0310435
818	0.0322966
819	0.0335611
820	0.0348362
821	0.0361269
822	0.0374266
823	0.0387346
824	0.0400499
825	0.0413719
826	0.0426996
827	0.0440324
828	0.0453695
829	0.0467101
830	0.0480535
831	0.0493932
832	0.0507344
833	0.0520764
834	0.0534185
835	0.05476
836	0.0561003
837	0.0574389
838	0.0587749
839	0.060108
840	0.0614375
841	0.0627682
842	0.064094
843	0.0654144
844	0.0667288
845	0.0680367
846	0.0693377
847	0.0706311
848	0.0719166
849	0.0731936
850	0.0744618
851	0.0757205
852	0.0769695
853	0.0782083
854	0.0794365
855	0.0806537
856	0.0818595
857	0.0830536
858	0.0842357
859	0.0854052
860	0.0865621
861	0.0877022
862	0.0888292
863	0.0899428
864	0.0910426
865	0.0921284
866	0.0932
867	0.0942571
868	0.0952994
869	0.0963267
870	0.0973389
871	0.0983382
872	0.0993217
873	0.1002892
874	0.1012405
875	0.1021755
876	0.1030939
877	0.1039957
878	0.1048807
879	0.1057488
880	0.1065998
881	0.1074323
882	0.1082478
883	0.1090461
884	0.1098272
885	0.110591
886	0.1113373
887	0.1120662
888	0.1127775
889	0.1134712
890	0.1141473
891	0.1148057
892	0.1154463
893	0.1160691
894	0.1166741
895	0.1172613
896	0.1178306
897	0.1183821
898	0.1189157
899	0.1194314
900	0.1199292
901	0.120408
902	0.1208688
903	0.1213114
904	0.121736
905	0.1221426
906	0.1225312
907	0.1229018
908	0.1232545
909	0.1235894
910	0.1239064
911	0.124208
912	0.1244921
913	0.1247588
914	0.1250082
915	0.1252402
916	0.125455
917	0.1256526
918	0.1258331
919	0.1259967
920	0.1261433
921	0.1262695
922	0.1263788
923	0.1264712
924	0.1265468
925	0.1266056
926	0.1266479
927	0.1266736
928	0.126683
929	0.126676
930	0.1266529
931	0.1266182
932	0.1265677
933	0.1265016
934	0.1264199
935	0.1263228
936	0.1262104
937	0.1260827
938	0.12594
939	0.1257824
940	0.1256099
941	0.1254227
942	0.125221
943	0.1250047
944	0.1247742
945	0.1245295
946	0.1242708
947	0.1239981
948	0.1237116
949	0.1234116
950	0.123098
951	0.1227647
952	0.122418
953	0.1220582
954	0.1216852
955	0.1212993
956	0.1209007
957	0.1204894
958	0.1200656
959	0.1196295
960	0.1191813
961	0.118728
962	0.1182631
963	0.1177865
964	0.1172986
965	0.1167994
966	0.1162892
967	0.1157679
968	0.1152359
969	0.1146932
970	0.1141402
971	0.1135768
972	0.1130032
973	0.1124197
974	0.1118264
975	0.1112234
976	0.1106109
977	0.1099892
978	0.1093582
979	0.1087183
980	0.1080695
981	0.107404
982	0.1067299
983	0.1060474
984	0.1053566
985	0.1046579
986	0.1039513
987	0.103237
988	0.1025152
989	0.1017859
990	0.1010496
991	0.1003147
992	0.0995731
993	0.0988249
994	0.0980703
995	0.0973094
996	0.0965425
997	0.0957696
998	0.0949911
999	0.094207
1000	0.0934176
1001	0.0926229
1002	0.0918233
1003	0.0910188
1004	0.0902096
1005	0.0893959
1006	0.0885779
1007	0.0877558
1008	0.0869296
1009	0.0860998
1010	0.0852662
1011	0.0844293
1012	0.083589
1013	0.0827457
1014	0.0818994
1015	0.0810504
1016	0.0801987
1017	0.0793448
1018	0.0784886
1019	0.0776303
1020	0.0767702
1021	0.0758995
1022	0.0750274
1023	0.0741539
1024	0.0732793
1025	0.0724036
1026	0.0715272
1027	0.0706501
1028	0.0697725
1029	0.0688946
1030	0.0680166
1031	0.0671472
1032	0.0662779
1033	0.0654091
1034	0.0645405
1035	0.0636728
1036	0.0628057
1037	0.0619398
1038	0.0610748
1039	0.0602113
1040	0.0593491
1041	0.0584887
1042	0.0576299
1043	0.0567731
1044	0.0559183
1045	0.0550659
1046	0.0542157
1047	0.0533682
1048	0.0525232
1049	0.0516812
1050	0.0508422
1051	0.0500063
1052	0.0491737
1053	0.0483445
1054	0.0475189
1055	0.0466969
1056	0.0458789
1057	0.0450648
1058	0.0442549
1059	0.0434492
1060	0.042648
1061	0.0418512
1062	0.0410592
1063	0.0402719
1064	0.0394896
1065	0.0387124
1066	0.0379403
1067	0.0371735
1068	0.0364121
1069	0.0356564
1070	0.0349062
1071	0.0341552
1072	0.0334101
1073	0.0326713
1074	0.0319386
1075	0.0312124
1076	0.0304926
1077	0.0297795
1078	0.029073
1079	0.0283734
1080	0.0276807
1081	0.0270009
1082	0.0263282
1083	0.0256625
1084	0.025004
1085	0.0243527
1086	0.0237088
1087	0.0230723
1088	0.0224433
1089	0.0218219
1090	0.0212082
1091	0.0206022
1092	0.0200041
1093	0.0194138
1094	0.0188316
1095	0.0182574
1096	0.0176913
1097	0.0171335
1098	0.0165838
1099	0.0160426
1100	0.0155096
1101	0.0149852
1102	0.0144692
1103	0.0139618
1104	0.013463
1105	0.0129729
1106	0.0124914
1107	0.0120188
1108	0.0115549
1109	0.0110999
1110	0.0106537
1111	0.0102165
1112	0.0097883
1113	0.009369
1114	0.0089588
1115	0.0085576
1116	0.0081655
1117	0.0077825
1118	0.0074087
1119	0.007044
1120	0.0066886
1121	0.0063423
1122	0.0060052
1123	0.0056774
1124	0.0053588
1125	0.0050495
1126	0.0047494
1127	0.0044587
1128	0.0041772
1129	0.003905
1130	0.003642
1131	0.0033863
1132	0.0031401
1133	0.0029033
1134	0.0026759
1135	0.0024579
1136	0.0022493
1137	0.0020502
1138	0.0018604
1139	0.0016801
1140	0.001509
1141	0.0013486
1142	0.0011973
1143	0.0010552
1144	0.0009222
1145	0.0007983
1146	0.0006834
1147	0.0005776
1148	0.0004808
1149	0.000393
1150	0.0003141
1151	0.0002442
1152	0.0001831
1153	0.0001309
1154	8.75e-05
1155	5.28e-05
1156	2.69e-05
1157	9.7e-06
1158	1.1e-06
1159	1.1e-06
1160	9.6e-06
1161	2.67e-05
1162	5.22e-05
1163	8.62e-05
1164	0.0001285
1165	0.0001791
1166	0.0002379
1167	0.000305
1168	0.0003802
1169	0.0004635
1170	0.0005548
1171	0.0006541
1172	0.0007614
1173	0.0008765
1174	0.0009994
1175	0.00113
1176	0.0012683
1177	0.0014143
1178	0.0015678
1179	0.0017287
1180	0.0018971
1181	0.0020729
1182	0.0022559
1183	0.0024462
1184	0.0026436
1185	0.0028481
1186	0.0030596
1187	0.0032781
1188	0.0035035
1189	0.0037356
1190	0.0039745
1191	0.0042201
1192	0.0044722
1193	0.0047309
1194	0.004996
1195	0.0052675
1196	0.0055453
1197	0.0058293
1198	0.0061195
1199	0.0064157
1200	0.0067179
1201	0.0070284
1202	0.0073448
1203	0.007667
1204	0.007995
1205	0.0083286
1206	0.0086679
1207	0.0090128
1208	0.009363
1209	0.0097187
1210	0.0100796
1211	0.0104432
1212	0.0108118
1213	0.0111854
1214	0.0115639
1215	0.0119473
1216	0.0123355
1217	0.0127283
1218	0.0131257
1219	0.0135278
1220	0.0139342
1221	0.014345
1222	0.0147602
1223	0.0151795
1224	0.0156031
1225	0.0160306
1226	0.0164623
1227	0.0168978
1228	0.0173372
1229	0.0177803
1230	0.0182272
1231	0.0186777
1232	0.0191317
1233	0.0195892
1234	0.0200501
1235	0.0205144
1236	0.0209819
1237	0.0214525
1238	0.0219263
1239	0.0224031
1240	0.0228829
1241	0.0233656
1242	0.023851
1243	0.0243393
1244	0.0248302
1245	0.0253237
1246	0.0258197
1247	0.0263183
1248	0.0268191
1249	0.0273224
1250	0.0278279
1251	0.0283356
1252	0.0288454
1253	0.0293572
1254	0.0298711
1255	0.0303868
1256	0.0309045
1257	0.0314239
1258	0.0319451
1259	0.0324678
1260	0.0329923
1261	0.0335182
1262	0.0340456
1263	0.0345744
1264	0.0351046
1265	0.035636
1266	0.0361687
1267	0.0367025
1268	0.0372374
1269	0.0377734
1270	0.0383104
1271	0.0388515
1272	0.0393935
1273	0.0399362
1274	0.0404797
1275	0.0410239
1276	0.0415687
1277	0.042114
1278	0.0426599
1279	0.0432062
1280	0.0437529
1281	0.0442968
1282	0.044841
1283	0.0453855
1284	0.0459301
1285	0.0464749
1286	0.0470199
1287	0.0475649
1288	0.0481099
1289	0.0486548
1290	0.0491997
1291	0.0497444
1292	0.050289
1293	0.0508332
1294	0.0513773
1295	0.051921
1296	0.0524643
1297	0.0530072
1298	0.0535497
1299	0.0540916
1300	0.054633
1301	0.0551739
1302	0.055714
1303	0.0562536
1304	0.0567924
1305	0.0573305
1306	0.0578677
1307	0.0584041
1308	0.0589397
1309	0.0594744
1310	0.060008
1311	0.0605408
1312	0.0610724
1313	0.0616031
1314	0.0621326
1315	0.062661
1316	0.0631883
1317	0.0637143
1318	0.0642392
1319	0.0647627
1320	0.065285
1321	0.0658059
1322	0.0663254
1323	0.0668436
1324	0.0673604
1325	0.0678756
1326	0.0683894
1327	0.0689017
1328	0.0694125
1329	0.0699216
1330	0.0704292
1331	0.0709351
1332	0.0714393
1333	0.071942
1334	0.0724428
1335	0.072942
1336	0.0734394
1337	0.073935
1338	0.0744288
1339	0.0749207
1340	0.0754108
1341	0.075899
1342	0.0763853
1343	0.0768697
1344	0.0773521
1345	0.0778326
1346	0.078311
1347	0.0787875
1348	0.0792619
1349	0.0797342
1350	0.0802045
1351	0.0806741
1352	0.0811416
1353	0.0816068
1354	0.0820699
1355	0.0825307
1356	0.0829892
1357	0.0834455
1358	0.0838995
1359	0.0843512
1360	0.0848006
1361	0.0852465
1362	0.0856901
1363	0.0861314
1364	0.0865704
1365	0.0870071
1366	0.0874414
1367	0.0878734
1368	0.088303
1369	0.0887303
1370	0.0891551
1371	0.0895775
1372	0.0899975
1373	0.0904151
1374	0.0908302
1375	0.0912429
1376	0.091653
1377	0.0920608
1378	0.092466
1379	0.0928687
1380	0.0932689
1381	0.0936666
1382	0.0940618
1383	0.0944544
1384	0.0948445
1385	0.095232
1386	0.095617
1387	0.0959994
1388	0.0963792
1389	0.0967564
1390	0.0971311
1391	0.0975031
1392	0.0978726
1393	0.0982394
1394	0.0986036
1395	0.0989652
1396	0.0993241
1397	0.0996805
1398	0.1000341
1399	0.1003852
1400	0.1007335
1401	0.1010793
1402	0.1014223
1403	0.1017627
1404	0.1021005
1405	0.1024355
1406	0.1027679
1407	0.1030976
1408	0.1034246
1409	0.103749
1410	0.1040706
1411	0.104389
1412	0.1047047
1413	0.1050175
1414	0.1053277
1415	0.105635
1416	0.1059396
1417	0.1062414
1418	0.1065404
1419	0.1068367
1420	0.1071302
1421	0.1074218
1422	0.1077108
1423	0.107997
1424	0.1082805
1425	0.1085613
1426	0.1088394
1427	0.1091148
1428	0.1093874
1429	0.1096574
1430	0.1099247
1431	0.1101893
1432	0.1104512
1433	0.1107104
1434	0.1109668
1435	0.1112206
1436	0.1114717
1437	0.1117201
1438	0.1119657
1439	0.1122087
1440	0.112449
1441	0.1126866
1442	0.1129216
1443	0.1131538
1444	0.1133834
1445	0.1136103
1446	0.1138345
1447	0.1140561
1448	0.114275
1449	0.1144912
1450	0.1147047
1451	0.1149156
1452	0.1151239
1453	0.1153295
1454	0.1155324
1455	0.1157327
1456	0.1159303
1457	0.1161254
1458	0.1163177
1459	0.1165075
1460	0.1166946
1461	0.1168792
1462	0.117061
1463	0.1172403
1464	0.117417
1465	0.1175911
1466	0.1177626
1467	0.1179315
1468	0.1180978
1469	0.1182615
1470	0.1184227
1471	0.1185812
1472	0.1187373
1473	0.1188907
1474	0.1190416
1475	0.1191899
1476	0.1193358
1477	0.119479
1478	0.1196198
1479	0.119758
1480	0.1198936
1481	0.120024
1482	0.1201519
1483	0.1202771
1484	0.1203999
1485	0.12052
1486	0.1206377
1487	0.1207528
1488	0.1208653
1489	0.1209754
1490	0.1210829
1491	0.121191
1492	0.1212967
1493	0.1213999
1494	0.1215006
1495	0.121599
1496	0.1216949
1497	0.1217884
1498	0.1218796
1499	0.1219683
1500	0.1220546
1501	0.1221386
1502	0.1222201
1503	0.1222993
1504	0.1223762
1505	0.1224506
1506	0.1225228
1507	0.1225926
1508	0.1226601
1509	0.1227252
1510	0.122788
1511	0.1228485
1512	0.1229068
1513	0.1229627
1514	0.1230163
1515	0.1230676
1516	0.1231167
1517	0.1231635
1518	0.1232081
1519	0.1232504
1520	0.1232905
1521	0.1233283
1522	0.1233639
1523	0.1233973
1524	0.1234285
1525	0.1234574
1526	0.1234842
1527	0.1235088
1528	0.1235312
1529	0.1235515
1530	0.1235695
1531	0.1235814
1532	0.1235911
1533	0.1235986
1534	0.1236039
1535	0.123607
1536	0.123608
1537	0.1236068
1538	0.1236035
1539	0.1235981
1540	0.1235905
1541	0.1235851
1542	0.1235777
1543	0.1235682
1544	0.1235566
1545	0.123543
1546	0.1235274
1547	0.1235098
1548	0.1234901
1549	0.1234685
1550	0.1234448
1551	0.1234191
1552	0.1233915
1553	0.1233619
1554	0.1233304
1555	0.1232968
1556	0.1232614
1557	0.123224
1558	0.1231846
1559	0.1231434
1560	0.1231002
1561	0.1230552
1562	0.1230082
1563	0.1229594
1564	0.1229086
1565	0.122856
1566	0.1228016
1567	0.1227453
1568	0.1226871
1569	0.1226271
1570	0.1225653
1571	0.1225017
1572	0.1224362
1573	0.122369
1574	0.1222999
1575	0.1222291
1576	0.1221565
1577	0.1220822
1578	0.1220061
1579	0.1219282
1580	0.1218486
1581	0.1217622
1582	0.121674
1583	0.1215841
1584	0.1214925
1585	0.1213991
1586	0.121304
1587	0.1212072
1588	0.1211086
1589	0.1210084
1590	0.1209065
1591	0.1208082
1592	0.1207082
1593	0.1206066
1594	0.1205034
1595	0.1203985
1596	0.1202921
1597	0.1201841
1598	0.1200744
1599	0.1199632
1600	0.1198505
1601	0.1197362
1602	0.1196203
1603	0.1195029
1604	0.1193839
1605	0.1192635
1606	0.1191415
1607	0.119018
1608	0.118893
1609	0.1187665
1610	0.1186386
1611	0.1185091
1612	0.1183782
1613	0.1182459
1614	0.1181121
1615	0.1179768
1616	0.1178402
1617	0.1177021
1618	0.1175626
1619	0.1174217
1620	0.1172794
1621	0.1171357
1622	0.1169906
1623	0.1168442
1624	0.1166964
1625	0.1165472
1626	0.1163967
1627	0.1162449
1628	0.1160917
1629	0.1159372
1630	0.1157814
1631	0.1156186
1632	0.1154544
1633	0.1152889
1634	0.1151221
1635	0.1149541
1636	0.1147847
1637	0.1146141
1638	0.1144422
1639	0.1142691
1640	0.1140947
1641	0.1139249
1642	0.1137539
1643	0.1135818
1644	0.1134084
1645	0.1132339
1646	0.1130581
1647	0.1128812
1648	0.1127032
1649	0.112524
1650	0.1123436
1651	0.1121621
1652	0.1119795
1653	0.1117958
1654	0.1116109
1655	0.111425
1656	0.111238
1657	0.1110498
1658	0.1108606
1659	0.1106704
1660	0.110479
1661	0.1102866
1662	0.1100932
1663	0.1098987
1664	0.1097032
1665	0.1095067
1666	0.1093091
1667	0.1091106
1668	0.1089111
1669	0.1087106
1670	0.108509
1671	0.1083005
1672	0.1080909
1673	0.1078804
1674	0.1076689
1675	0.1074564
1676	0.1072431
1677	0.1070287
1678	0.1068135
1679	0.1065973
1680	0.1063802
1681	0.1061684
1682	0.1059557
1683	0.1057421
1684	0.1055276
1685	0.1053123
1686	0.1050961
1687	0.1048791
1688	0.1046613
1689	0.1044426
1690	0.104223
1691	0.1040027
1692	0.1037816
1693	0.1035596
1694	0.1033369
1695	0.1031134
1696	0.1028891
1697	0.102664
1698	0.1024382
1699	0.1022116
1700	0.1019843
1701	0.10175
1702	0.101515
1703	0.1012792
1704	0.1010427
1705	0.1008055
1706	0.1005676
1707	0.100329
1708	0.1000897
1709	0.0998497
1710	0.0996091
1711	0.099374
1712	0.0991383
1713	0.0989019
1714	0.0986649
1715	0.0984272
1716	0.098189
1717	0.0979501
1718	0.0977106
1719	0.0974705
1720	0.0972298
1721	0.0969884
1722	0.0967466
1723	0.0965041
1724	0.0962611
1725	0.0960175
1726	0.0957734
1727	0.0955287
1728	0.0952834
1729	0.0950377
1730	0.0947914
1731	0.0945446
1732	0.0942973
1733	0.0940494
1734	0.0938011
1735	0.0935523
1736	0.093303
1737	0.0930532
1738	0.092803
1739	0.0925522
1740	0.0923011
1741	0.0920432
1742	0.0917849
1743	0.0915261
1744	0.0912669
1745	0.0910073
1746	0.0907472
1747	0.0904868
1748	0.090226
1749	0.0899647
1750	0.0897031
1751	0.0894474
1752	0.0891913
1753	0.0889348
1754	0.088678
1755	0.0884208
1756	0.0881633
1757	0.0879054
1758	0.0876472
1759	0.0873887
1760	0.0871298
1761	0.0868706
1762	0.0866111
1763	0.0863513
1764	0.0860912
1765	0.0858309
1766	0.0855702
1767	0.0853093
1768	0.0850481
1769	0.0847866
1770	0.0845249
1771	0.0842567
1772	0.0839883
1773	0.0837196
1774	0.0834508
1775	0.0831817
1776	0.0829124
1777	0.0826428
1778	0.0823731
1779	0.0821032
1780	0.0818331
1781	0.081569
1782	0.0813047
1783	0.0810403
1784	0.0807756
1785	0.0805108
1786	0.0802459
1787	0.0799808
1788	0.0797155
1789	0.0794501
1790	0.0791845
1791	0.0789189
1792	0.0786531
1793	0.0783872
1794	0.0781212
1795	0.077855
1796	0.0775888
1797	0.0773225
1798	0.0770561
1799	0.0767896
1800	0.0765231
1801	0.0762504
1802	0.0759776
1803	0.0757048
1804	0.075432
1805	0.0751591
1806	0.0748862
1807	0.0746133
1808	0.0743404
1809	0.0740674
1810	0.0737945
1811	0.0735275
1812	0.0732605
1813	0.0729935
1814	0.0727266
1815	0.0724596
1816	0.0721926
1817	0.0719257
1818	0.0716588
1819	0.0713919
1820	0.071125
1821	0.0708582
1822	0.0705914
1823	0.0703247
1824	0.070058
1825	0.0697914
1826	0.0695249
1827	0.0692584
1828	0.068992
1829	0.0687257
1830	0.0684595
1831	0.0681875
1832	0.0679157
1833	0.0676439
1834	0.0673723
1835	0.0671008
1836	0.0668295
1837	0.0665582
1838	0.0662872
1839	0.0660162
1840	0.0657455
1841	0.0654806
1842	0.0652159
1843	0.0649513
1844	0.0646869
1845	0.0644226
1846	0.0641585
1847	0.0638946
1848	0.0636309
1849	0.0633673
1850	0.0631039
1851	0.0628407
1852	0.0625777
1853	0.0623149
1854	0.0620523
1855	0.0617899
1856	0.0615277
1857	0.0612658
1858	0.061004
1859	0.0607425
1860	0.0604812
1861	0.0602146
1862	0.0599482
1863	0.0596822
1864	0.0594163
1865	0.0591508
1866	0.0588855
1867	0.0586205
1868	0.0583558
1869	0.0580914
1870	0.0578273
1871	0.0575689
1872	0.0573108
1873	0.057053
1874	0.0567955
1875	0.0565382
1876	0.0562813
1877	0.0560246
1878	0.0557683
1879	0.0555123
1880	0.0552566
1881	0.0550012
1882	0.0547462
1883	0.0544914
1884	0.054237
1885	0.053983
1886	0.0537292
1887	0.0534758
1888	0.0532228
1889	0.0529701
1890	0.0527177
1891	0.0524605
1892	0.0522037
1893	0.0519473
1894	0.0516912
1895	0.0514356
1896	0.0511803
1897	0.0509255
1898	0.0506711
1899	0.050417
1900	0.0501634
1901	0.0499153
1902	0.0496676
1903	0.0494203
1904	0.0491734
1905	0.0489269
1906	0.0486808
1907	0.0484352
1908	0.0481899
1909	0.0479451
1910	0.0477007
1911	0.0474518
1912	0.0472033
1913	0.0469552
1914	0.0467077
1915	0.0464606
1916	0.046214
1917	0.0459678
1918	0.0457221
1919	0.0454769
1920	0.0452322
1921	0.0449928
1922	0.0447539
1923	0.0445154
1924	0.0442775
1925	0.04404
1926	0.0438029
1927	0.0435663
1928	0.0433303
1929	0.0430947
1930	0.0428596
1931	0.0426202
1932	0.0423814
1933	0.0421432
1934	0.0419054
1935	0.0416682
1936	0.0414315
1937	0.0411953
1938	0.0409597
1939	0.0407246
1940	0.0404901
1941	0.0402607
1942	0.0400318
1943	0.0398034
1944	0.0395755
1945	0.0393482
1946	0.0391215
1947	0.0388952
1948	0.0386695
1949	0.0384443
1950	0.0382197
1951	0.0379956
1952	0.037772
1953	0.037549
1954	0.0373266
1955	0.0371047
1956	0.0368834
1957	0.0366626
1958	0.0364424
1959	0.0362228
1960	0.0360037
1961	0.0357809
1962	0.0355587
1963	0.0353371
1964	0.035116
1965	0.0348957
1966	0.0346759
1967	0.0344567
1968	0.0342381
1969	0.0340202
1970	0.0338029
1971	0.0335903
1972	0.0333783
1973	0.0331669
1974	0.0329562
1975	0.032746
1976	0.0325364
1977	0.0323274
1978	0.032119
1979	0.0319113
1980	0.0317041
1981	0.0314935
1982	0.0312836
1983	0.0310744
1984	0.0308657
1985	0.0306577
1986	0.0304504
1987	0.0302437
1988	0.0300377
1989	0.0298323
1990	0.0296276
1991	0.0294274
1992	0.0292278
1993	0.0290289
1994	0.0288305
1995	0.0286329
1996	0.0284358
1997	0.0282394
1998	0.0280436
1999	0.0278485
2000	0.0276541
2001	0.0274565
2002	0.0272596
2003	0.0270634
2004	0.0268679
2005	0.0266731
2006	0.0264789
2007	0.0262854
2008	0.0260926
2009	0.0259006
2010	0.0257091
2011	0.0255219
2012	0.0253354
2013	0.0251496
2014	0.0249644
2015	0.0247798
2016	0.024596
2017	0.0244128
2018	0.0242303
2019	0.0240484
2020	0.0238672
2021	0.0236833
2022	0.0235
2023	0.0233175
2024	0.0231356
2025	0.0229545
2026	0.0227741
2027	0.0225944
2028	0.0224154
2029	0.0222371
2030	0.0220595
2031	0.0218859
2032	0.0217129
2033	0.0215407
2034	0.0213691
2035	0.0211982
2036	0.0210281
2037	0.0208585
2038	0.0206897
2039	0.0205216
2040	0.0203541
2041	0.0201842
2042	0.0200151
2043	0.0198466
2044	0.0196789
2045	0.0195119
2046	0.0193457
2047	0.0191801
2048	0.0190153
2049	0.0188512
2050	0.0186878
2051	0.0185282
2052	0.0183692
2053	0.0182109
2054	0.0180533
2055	0.0178964
2056	0.0177402
2057	0.0175847
2058	0.0174299
2059	0.0172758
2060	0.0171225
2061	0.016967
2062	0.0168122
2063	0.0166582
2064	0.0165049
2065	0.0163523
2066	0.0162005
2067	0.0160493
2068	0.015899
2069	0.0157494
2070	0.0156005
2071	0.015455
2072	0.0153102
2073	0.0151661
2074	0.0150227
2075	0.01488
2076	0.0147381
2077	0.0145968
2078	0.0144563
2079	0.0143164
2080	0.0141773
2081	0.0140363
2082	0.0138961
2083	0.0137567
2084	0.0136179
2085	0.0134799
2086	0.0133427
2087	0.0132062
2088	0.0130704
2089	0.0129353
2090	0.012801
2091	0.0126699
2092	0.0125394
2093	0.0124096
2094	0.0122805
2095	0.0121522
2096	0.0120245
2097	0.0118976
2098	0.0117714
2099	0.0116458
2100	0.011521
2101	0.0113947
2102	0.0112691
2103	0.0111443
2104	0.0110201
2105	0.0108967
2106	0.0107741
2107	0.0106522
2108	0.010531
2109	0.0104106
2110	0.0102909
2111	0.010174
2112	0.0100578
2113	0.0099424
2114	0.0098276
2115	0.0097136
2116	0.0096002
2117	0.0094876
2118	0.0093756
2119	0.0092644
2120	0.0091539
2121	0.0090421
2122	0.0089311
2123	0.0088208
2124	0.0087112
2125	0.0086023
2126	0.0084942
2127	0.0083868
2128	0.0082802
2129	0.0081743
2130	0.0080691
2131	0.0079664
2132	0.0078644
2133	0.0077632
2134	0.0076626
2135	0.0075627
2136	0.0074636
2137	0.0073651
2138	0.0072673
2139	0.0071702
2140	0.0070739
2141	0.0069765
2142	0.0068799
2143	0.0067839
2144	0.0066888
2145	0.0065943
2146	0.0065005
2147	0.0064075
2148	0.0063151
2149	0.0062235
2150	0.0061327
2151	0.006044
2152	0.0059561
2153	0.0058688
2154	0.0057822
2155	0.0056964
2156	0.0056112
2157	0.0055266
2158	0.0054428
2159	0.0053597
2160	0.0052772
2161	0.005194
2162	0.0051115
2163	0.0050298
2164	0.0049487
2165	0.0048683
2166	0.0047886
2167	0.0047097
2168	0.0046314
2169	0.0045538
2170	0.004477
2171	0.0044008
2172	0.0043254
2173	0.0042506
2174	0.0041765
2175	0.0041031
2176	0.0040305
2177	0.0039585
2178	0.0038872
2179	0.0038166
2180	0.0037467
2181	0.0036786
2182	0.0036112
2183	0.0035445
2184	0.0034784
2185	0.003413
2186	0.0033482
2187	0.0032841
2188	0.0032207
2189	0.0031579
2190	0.0030958
2191	0.0030333
2192	0.0029714
2193	0.0029103
2194	0.0028498
2195	0.00279
2196	0.0027309
2197	0.0026724
2198	0.0026147
2199	0.0025575
2200	0.0025011
2201	0.0024462
2202	0.002392
2203	0.0023385
2204	0.0022855
2205	0.0022333
2206	0.0021816
2207	0.0021306
2208	0.0020802
2209	0.0020305
2210	0.0019814
2211	0.0019321
2212	0.0018835
2213	0.0018356
2214	0.0017883
2215	0.0017416
2216	0.0016956
2217	0.0016502
2218	0.0016055
2219	0.0015615
2220	0.001518
2221	0.0014753
2222	0.0014331
2223	0.0013917
2224	0.0013508
2225	0.0013106
2226	0.001271
2227	0.0012321
2228	0.0011938
2229	0.0011561
2230	0.0011191
2231	0.0010833
2232	0.0010481
2233	0.0010135
2234	0.0009795
2235	0.0009461
2236	0.0009133
2237	0.0008811
2238	0.0008495
2239	0.0008186
2240	0.0007882
2241	0.0007579
2242	0.0007283
2243	0.0006992
2244	0.0006708
2245	0.000643
2246	0.0006158
2247	0.0005892
2248	0.0005632
2249	0.0005379
2250	0.0005131
2251	0.0004889
2252	0.0004654
2253	0.0004424
2254	0.00042
2255	0.0003983
2256	0.0003771
2257	0.0003565
2258	0.0003366
2259	0.0003172
2260	0.0002984
2261	0.0002804
2262	0.0002631
2263	0.0002463
2264	0.0002301
2265	0.0002144
2266	0.0001994
2267	0.0001848
2268	0.0001709
2269	0.0001575
2270	0.0001446
2271	0.0001321
2272	0.0001202
2273	0.0001089
2274	9.81e-05
2275	8.79e-05
2276	7.83e-05
2277	6.92e-05
2278	6.07e-05
2279	5.28e-05
2280	4.54e-05
2281	3.86e-05
2282	3.24e-05
2283	2.67e-05
2284	2.15e-05
2285	1.69e-05
2286	1.29e-05
2287	9.4e-06
2288	6.5e-06
2289	4.1e-06
2290	2.3e-06
2291	1e-06
2292	2e-07
2293	0.0
2294	3e-07
2295	1.1e-06
2296	2.5e-06
2297	4.3e-06
2298	6.7e-06
2299	9.6e-06
2300	1.3e-05
2301	1.7e-05
2302	2.15e-05
2303	2.65e-05
2304	3.21e-05
2305	3.82e-05
2306	4.48e-05
2307	5.19e-05
2308	5.96e-05
2309	6.78e-05
2310	7.64e-05
2311	8.56e-05
2312	9.54e-05
2313	0.0001056
2314	0.0001163
2315	0.0001276
2316	0.0001393
2317	0.0001515
2318	0.0001643
2319	0.0001776
2320	0.0001913
2321	0.0002056
2322	0.0002203
2323	0.0002356
2324	0.0002513
2325	0.0002675
2326	0.0002843
2327	0.0003015
2328	0.0003192
2329	0.0003373
2330	0.000356
2331	0.0003749
2332	0.0003942
2333	0.000414
2334	0.0004342
2335	0.000455
2336	0.0004761
2337	0.0004978
2338	0.0005199
2339	0.0005424
2340	0.0005654
2341	0.0005893
2342	0.0006135
2343	0.0006383
2344	0.0006635
2345	0.0006892
2346	0.0007153
2347	0.0007419
2348	0.0007689
2349	0.0007964
2350	0.0008244
2351	0.0008528
2352	0.0008817
2353	0.000911
2354	0.0009407
2355	0.0009709
2356	0.0010015
2357	0.0010326
2358	0.0010641
2359	0.0010961
2360	0.0011285
2361	0.0011608
2362	0.0011936
2363	0.0012268
2364	0.0012604
2365	0.0012944
2366	0.0013288
2367	0.0013637
2368	0.0013989
2369	0.0014346
2370	0.0014707
2371	0.0015078
2372	0.0015452
2373	0.0015831
2374	0.0016214
2375	0.0016601
2376	0.0016992
2377	0.0017387
2378	0.0017786
2379	0.001819
2380	0.0018597
2381	0.0019008
2382	0.0019424
2383	0.0019843
2384	0.0020267
2385	0.0020694
2386	0.0021126
2387	0.0021561
2388	0.0022
2389	0.0022444
2390	0.0022891
2391	0.0023342
2392	0.0023797
2393	0.0024255
2394	0.0024718
2395	0.0025184
2396	0.0025654
2397	0.0026128
2398	0.0026606
2399	0.0027087
2400	0.0027573
2401	0.0028062
2402	0.0028554
2403	0.0029051
2404	0.0029551
2405	0.0030054
2406	0.0030562
2407	0.0031073
2408	0.0031588
2409	0.0032106
2410	0.0032627
2411	0.0033146
2412	0.0033667
2413	0.0034192
2414	0.0034721
2415	0.0035253
2416	0.0035788
2417	0.0036327
2418	0.0036869
2419	0.0037414
2420	0.0037963
2421	0.0038523
2422	0.0039087
2423	0.0039653
2424	0.0040223
2425	0.0040797
2426	0.0041374
2427	0.0041954
2428	0.0042537
2429	0.0043124
2430	0.0043714
2431	0.0044307
2432	0.0044904
2433	0.0045504
2434	0.0046107
2435	0.0046713
2436	0.0047323
2437	0.0047935
2438	0.0048551
2439	0.004917
2440	0.0049792
2441	0.0050418
2442	0.0051046
2443	0.0051678
2444	0.0052312
2445	0.005295
2446	0.0053591
2447	0.0054234
2448	0.0054881
2449	0.0055531
2450	0.0056184
2451	0.0056839
2452	0.0057498
2453	0.005816
2454	0.0058824
2455	0.0059492
2456	0.0060162
2457	0.0060836
2458	0.0061512
2459	0.0062191
2460	0.0062873
2461	0.0063549
2462	0.0064228
2463	0.0064909
2464	0.0065593
2465	0.006628
2466	0.006697
2467	0.0067662
2468	0.0068357
2469	0.0069055
2470	0.0069755
2471	0.0070467
2472	0.0071182
2473	0.00719
2474	0.007262
2475	0.0073343
2476	0.0074068
2477	0.0074796
2478	0.0075527
2479	0.007626
2480	0.0076996
2481	0.0077735
2482	0.0078475
2483	0.0079219
2484	0.0079965
2485	0.0080714
2486	0.0081465
2487	0.0082218
2488	0.0082974
2489	0.0083732
2490	0.0084493
2491	0.0085257
2492	0.0086022
2493	0.0086791
2494	0.0087561
2495	0.0088334
2496	0.0089109
2497	0.0089887
2498	0.0090667
2499	0.0091449
2500	0.0092234
