Wavelength (nm)	Transmittance
500	0.8829295
501	0.8851813
502	0.8875665
503	0.8900784
504	0.8927098
505	0.8954534
506	0.8983282
507	0.9013008
508	0.904363
509	0.9075061
510	0.910722
511	0.9140015
512	0.9173356
513	0.9207153
514	0.9241312
515	0.9275738
516	0.931005
517	0.9344441
518	0.9378818
519	0.9413087
520	0.9447151
521	0.9481192
522	0.9514832
523	0.9547978
524	0.9580536
525	0.9612414
526	0.9643284
527	0.9673315
528	0.9702426
529	0.9730537
530	0.9757571
531	0.9783457
532	0.9808126
533	0.9831512
534	0.9853557
535	0.9874204
536	0.9893545
537	0.9911368
538	0.9927633
539	0.9942305
540	0.9955352
541	0.9966672
542	0.9976353
543	0.998438
544	0.9990747
545	0.9995452
546	0.9998499
547	0.9999898
548	0.9999661
549	0.999781
550	0.9994368
551	0.9989363
552	0.9982828
553	0.9974801
554	0.9965323
555	0.9954437
556	0.9942193
557	0.992864
558	0.9913831
559	0.9897823
560	0.9880672
561	0.9862439
562	0.9843185
563	0.9822971
564	0.9801861
565	0.9779919
566	0.9757208
567	0.9733792
568	0.9709736
569	0.9685104
570	0.9659958
571	0.9634361
572	0.9608377
573	0.9582062
574	0.9555478
575	0.9528683
576	0.9501733
577	0.9474683
578	0.9447588
579	0.9420498
580	0.9393464
581	0.9366699
582	0.934008
583	0.9313649
584	0.9287449
585	0.9261518
586	0.9235746
587	0.9210328
588	0.9185297
589	0.9160686
590	0.9136529
591	0.9112853
592	0.9089688
593	0.906706
594	0.9044992
595	0.9023508
596	0.9002629
597	0.8982375
598	0.8962764
599	0.8943812
600	0.8925535
601	0.8908014
602	0.8891181
603	0.8875048
604	0.8859624
605	0.8844918
606	0.8830904
607	0.8817636
608	0.880512
609	0.879336
610	0.8782361
611	0.8772124
612	0.876264
613	0.8753908
614	0.8745929
615	0.8738702
616	0.873226
617	0.872658
618	0.872166
619	0.8717498
620	0.8714088
621	0.8711426
622	0.8709508
623	0.8708327
624	0.8707877
625	0.8708152
626	0.8709048
627	0.8710643
628	0.8712927
629	0.8715892
630	0.8719531
631	0.8723832
632	0.8728788
633	0.8734387
634	0.874062
635	0.8747475
636	0.8755092
637	0.8763319
638	0.8772143
639	0.8781552
640	0.8791534
641	0.8801901
642	0.8812806
643	0.8824235
644	0.8836173
645	0.8848608
646	0.8861716
647	0.8875298
648	0.888934
649	0.8903824
650	0.8918735
651	0.8933851
652	0.8949356
653	0.8965235
654	0.8981471
655	0.8998048
656	0.9014949
657	0.9032158
658	0.9049657
659	0.9067428
660	0.9085455
661	0.9103947
662	0.9122662
663	0.914158
664	0.9160683
665	0.9179952
666	0.9199138
667	0.9218454
668	0.923788
669	0.9257398
670	0.927699
671	0.9296637
672	0.931632
673	0.9336022
674	0.9355723
675	0.9375406
676	0.9395051
677	0.9414642
678	0.9434158
679	0.9453584
680	0.94729
681	0.9492301
682	0.9511554
683	0.9530639
684	0.9549539
685	0.9568237
686	0.9586515
687	0.9604562
688	0.9622364
689	0.9639904
690	0.9657166
691	0.9674135
692	0.9690797
693	0.9707137
694	0.9723141
695	0.9738795
696	0.9754087
697	0.9769003
698	0.9783531
699	0.9797661
700	0.9811379
701	0.9824676
702	0.9837541
703	0.9849965
704	0.9861937
705	0.987345
706	0.9884495
707	0.9895065
708	0.9905153
709	0.9914751
710	0.9923855
711	0.9932459
712	0.9940558
713	0.9948148
714	0.9955225
715	0.9961787
716	0.9967831
717	0.9973355
718	0.9978358
719	0.9982839
720	0.9986798
721	0.9990252
722	0.9993179
723	0.9995581
724	0.9997461
725	0.9998821
726	0.9999665
727	0.9999995
728	0.9999815
729	0.9999131
730	0.9997947
731	0.9996279
732	0.9994126
733	0.9991496
734	0.9988395
735	0.998483
736	0.9980808
737	0.9976336
738	0.9971424
739	0.9966078
740	0.9960308
741	0.9954122
742	0.9947529
743	0.9940539
744	0.9933161
745	0.9925405
746	0.991728
747	0.9908797
748	0.9899967
749	0.9890799
750	0.9881303
751	0.9871491
752	0.9861374
753	0.9850961
754	0.9840264
755	0.9829293
756	0.981806
757	0.9806576
758	0.9794851
759	0.9782896
760	0.9770722
761	0.9758396
762	0.9745874
763	0.9733166
764	0.9720283
765	0.9707236
766	0.9694035
767	0.968069
768	0.9667211
769	0.9653609
770	0.9639893
771	0.9626014
772	0.9612041
773	0.9597983
774	0.9583851
775	0.9569654
776	0.9555399
777	0.9541098
778	0.9526759
779	0.951239
780	0.9498001
781	0.9483599
782	0.9469194
783	0.9454793
784	0.9440404
785	0.9426035
786	0.9411694
787	0.9397388
788	0.9383124
789	0.9368909
790	0.935475
791	0.9340655
792	0.9326628
793	0.9312677
794	0.9298808
795	0.9285026
796	0.9271338
797	0.9257749
798	0.9244265
799	0.9230891
800	0.9217631
801	0.9204492
802	0.9191477
803	0.9178591
804	0.9165839
805	0.9153225
806	0.9140753
807	0.9128427
808	0.9116251
809	0.9104228
810	0.9092361
811	0.9080688
812	0.9069176
813	0.9057827
814	0.9046646
815	0.9035635
816	0.9024796
817	0.9014131
818	0.9003645
819	0.8993337
820	0.8983212
821	0.897325
822	0.8963477
823	0.8953893
824	0.8944501
825	0.8935302
826	0.8926298
827	0.8917491
828	0.890888
829	0.8900468
830	0.8892256
831	0.8884252
832	0.8876446
833	0.8868841
834	0.8861435
835	0.8854231
836	0.8847229
837	0.8840428
838	0.8833831
839	0.8827436
840	0.8821244
841	0.8815262
842	0.8809486
843	0.8803915
844	0.8798551
845	0.8793393
846	0.8788441
847	0.8783694
848	0.8779153
849	0.8774816
850	0.8770684
851	0.8766757
852	0.8763033
853	0.8759512
854	0.8756193
855	0.8753077
856	0.8750161
857	0.8747446
858	0.8744931
859	0.8742615
860	0.8740496
861	0.8738543
862	0.8736784
863	0.8735218
864	0.8733843
865	0.8732659
866	0.8731665
867	0.873086
868	0.8730241
869	0.872981
870	0.8729563
871	0.8729543
872	0.8729707
873	0.8730055
874	0.8730585
875	0.8731296
876	0.8732186
877	0.8733255
878	0.8734499
879	0.8735919
880	0.8737512
881	0.8739224
882	0.8741104
883	0.8743151
884	0.8745364
885	0.874774
886	0.8750279
887	0.8752978
888	0.8755836
889	0.8758852
890	0.8762023
891	0.8765348
892	0.8768826
893	0.8772454
894	0.8776231
895	0.8780155
896	0.8784224
897	0.8788437
898	0.8792792
899	0.8797286
900	0.8801918
901	0.8806757
902	0.8811732
903	0.8816841
904	0.8822082
905	0.8827452
906	0.8832952
907	0.8838577
908	0.8844326
909	0.8850198
910	0.885619
911	0.8862223
912	0.8868372
913	0.8874633
914	0.8881006
915	0.8887488
916	0.8894077
917	0.8900771
918	0.8907569
919	0.8914467
920	0.8921465
921	0.8928641
922	0.8935913
923	0.8943279
924	0.8950737
925	0.8958284
926	0.8965919
927	0.8973638
928	0.8981441
929	0.8989325
930	0.8997288
931	0.9005243
932	0.901327
933	0.9021371
934	0.9029541
935	0.9037778
936	0.9046082
937	0.9054449
938	0.9062877
939	0.9071365
940	0.907991
941	0.9088509
942	0.9097162
943	0.9105866
944	0.9114618
945	0.9123416
946	0.913226
947	0.9141145
948	0.915007
949	0.9159034
950	0.9168034
951	0.9177155
952	0.9186308
953	0.9195491
954	0.9204702
955	0.9213937
956	0.9223195
957	0.9232474
958	0.9241772
959	0.9251088
960	0.9260417
961	0.9269672
962	0.9278938
963	0.9288213
964	0.9297493
965	0.930678
966	0.9316068
967	0.9325357
968	0.9334644
969	0.9343928
970	0.9353206
971	0.9362477
972	0.9371739
973	0.9380989
974	0.9390227
975	0.9399448
976	0.9408653
977	0.9417838
978	0.9427003
979	0.9436144
980	0.9445261
981	0.9454431
982	0.9463573
983	0.9472683
984	0.9481761
985	0.9490803
986	0.9499808
987	0.9508775
988	0.9517701
989	0.9526586
990	0.9535426
991	0.9544145
992	0.9552818
993	0.9561443
994	0.9570018
995	0.9578543
996	0.9587014
997	0.9595432
998	0.9603793
999	0.9612097
1000	0.9620342
1001	0.9628527
1002	0.9636649
1003	0.9644707
1004	0.9652702
1005	0.9660629
1006	0.9668489
1007	0.967628
1008	0.9684001
1009	0.969165
1010	0.9699226
1011	0.9706727
1012	0.9714153
1013	0.9721502
1014	0.9728773
1015	0.9735964
1016	0.9743076
1017	0.9750105
1018	0.9757052
1019	0.9763916
1020	0.9770694
1021	0.9777442
1022	0.9784101
1023	0.9790671
1024	0.979715
1025	0.9803539
1026	0.9809834
1027	0.9816037
1028	0.9822145
1029	0.9828159
1030	0.9834076
1031	0.9839851
1032	0.9845531
1033	0.9851113
1034	0.98566
1035	0.9861988
1036	0.9867279
1037	0.987247
1038	0.9877562
1039	0.9882554
1040	0.9887446
1041	0.9892236
1042	0.9896925
1043	0.9901512
1044	0.9905997
1045	0.9910378
1046	0.9914657
1047	0.9918832
1048	0.9922904
1049	0.9926871
1050	0.9930733
1051	0.9934491
1052	0.9938144
1053	0.9941693
1054	0.9945135
1055	0.9948473
1056	0.9951705
1057	0.9954831
1058	0.9957852
1059	0.9960767
1060	0.9963576
1061	0.996628
1062	0.9968878
1063	0.997137
1064	0.9973756
1065	0.9976037
1066	0.9978213
1067	0.9980284
1068	0.9982249
1069	0.9984109
1070	0.9985865
1071	0.9987529
1072	0.9989087
1073	0.9990539
1074	0.9991886
1075	0.9993128
1076	0.9994265
1077	0.9995299
1078	0.9996228
1079	0.9997054
1080	0.9997777
1081	0.9998393
1082	0.9998909
1083	0.9999325
1084	0.999964
1085	0.9999857
1086	0.9999976
1087	0.9999996
1088	0.9999918
1089	0.9999744
1090	0.9999473
1091	0.9999107
1092	0.9998645
1093	0.9998089
1094	0.9997439
1095	0.9996696
1096	0.999586
1097	0.9994932
1098	0.9993913
1099	0.9992803
1100	0.9991604
1101	0.9990315
1102	0.9988938
1103	0.9987474
1104	0.9985922
1105	0.9984285
1106	0.9982562
1107	0.9980755
1108	0.9978864
1109	0.997689
1110	0.9974834
1111	0.9972697
1112	0.997048
1113	0.9968182
1114	0.9965807
1115	0.9963353
1116	0.9960822
1117	0.9958215
1118	0.9955533
1119	0.9952776
1120	0.9949946
1121	0.9947043
1122	0.9944069
1123	0.9941024
1124	0.9937909
1125	0.9934724
1126	0.9931472
1127	0.9928153
1128	0.9924767
1129	0.9921316
1130	0.9917801
1131	0.9914197
1132	0.991053
1133	0.9906801
1134	0.9903011
1135	0.989916
1136	0.9895249
1137	0.989128
1138	0.9887254
1139	0.9883171
1140	0.9879032
1141	0.9874867
1142	0.9870648
1143	0.9866377
1144	0.9862056
1145	0.9857683
1146	0.9853262
1147	0.9848791
1148	0.9844274
1149	0.9839709
1150	0.9835099
1151	0.9830444
1152	0.9825746
1153	0.9821004
1154	0.9816221
1155	0.9811396
1156	0.9806531
1157	0.9801626
1158	0.9796684
1159	0.9791704
1160	0.9786687
1161	0.9781635
1162	0.9776547
1163	0.9771426
1164	0.9766271
1165	0.9761085
1166	0.9755867
1167	0.9750618
1168	0.974534
1169	0.9740033
1170	0.9734698
1171	0.9729336
1172	0.9723948
1173	0.9718535
1174	0.9713097
1175	0.9707634
1176	0.970215
1177	0.9696642
1178	0.9691114
1179	0.9685564
1180	0.9679996
1181	0.9674408
1182	0.9668802
1183	0.9663178
1184	0.9657538
1185	0.9651882
1186	0.9646211
1187	0.9640525
1188	0.9634826
1189	0.9629113
1190	0.9623389
1191	0.9617654
1192	0.9611907
1193	0.960615
1194	0.9600383
1195	0.9594609
1196	0.9588826
1197	0.9583036
1198	0.9577239
1199	0.9571436
1200	0.9565628
1201	0.9559784
1202	0.9553935
1203	0.9548084
1204	0.954223
1205	0.9536375
1206	0.9530519
1207	0.9524661
1208	0.9518804
1209	0.9512947
1210	0.9507092
1211	0.9501269
1212	0.9495448
1213	0.9489629
1214	0.9483814
1215	0.9478002
1216	0.9472194
1217	0.9466392
1218	0.9460595
1219	0.9454803
1220	0.9449019
1221	0.9443241
1222	0.9437471
1223	0.9431709
1224	0.9425954
1225	0.9420209
1226	0.9414474
1227	0.9408748
1228	0.9403032
1229	0.9397328
1230	0.9391634
1231	0.9385953
1232	0.9380283
1233	0.9374627
1234	0.9368982
1235	0.9363352
1236	0.9357735
1237	0.9352133
1238	0.9346546
1239	0.9340973
1240	0.9335416
1241	0.9329874
1242	0.9324349
1243	0.931884
1244	0.9313349
1245	0.9307874
1246	0.9302417
1247	0.9296978
1248	0.9291558
1249	0.9286156
1250	0.9280773
1251	0.927541
1252	0.9270066
1253	0.9264742
1254	0.9259438
1255	0.9254155
1256	0.9248893
1257	0.9243652
1258	0.9238432
1259	0.9233234
1260	0.9228058
1261	0.9222904
1262	0.9217772
1263	0.9212664
1264	0.9207578
1265	0.9202516
1266	0.9197477
1267	0.9192463
1268	0.9187472
1269	0.9182505
1270	0.9177563
1271	0.9172631
1272	0.9167726
1273	0.9162846
1274	0.9157993
1275	0.9153165
1276	0.9148364
1277	0.9143589
1278	0.9138842
1279	0.913412
1280	0.9129427
1281	0.912477
1282	0.912014
1283	0.9115537
1284	0.9110962
1285	0.9106413
1286	0.9101892
1287	0.9097398
1288	0.9092932
1289	0.9088494
1290	0.9084084
1291	0.9079702
1292	0.9075348
1293	0.9071023
1294	0.9066725
1295	0.9062457
1296	0.9058217
1297	0.9054007
1298	0.9049825
1299	0.9045672
1300	0.9041548
1301	0.9037454
1302	0.9033389
1303	0.9029353
1304	0.9025347
1305	0.902137
1306	0.9017423
1307	0.9013506
1308	0.9009618
1309	0.9005761
1310	0.9001933
1311	0.8998136
1312	0.8994368
1313	0.8990631
1314	0.8986924
1315	0.8983247
1316	0.8979601
1317	0.8975985
1318	0.8972399
1319	0.8968844
1320	0.8965319
1321	0.8961824
1322	0.8958361
1323	0.8954928
1324	0.8951525
1325	0.8948153
1326	0.8944812
1327	0.8941502
1328	0.8938222
1329	0.8934973
1330	0.8931754
1331	0.8928567
1332	0.8925411
1333	0.8922284
1334	0.8919189
1335	0.8916125
1336	0.8913092
1337	0.8910089
1338	0.8907117
1339	0.8904176
1340	0.8901266
1341	0.8898386
1342	0.8895537
1343	0.8892719
1344	0.8889932
1345	0.8887176
1346	0.888445
1347	0.8881755
1348	0.8879091
1349	0.8876457
1350	0.8873854
1351	0.8871297
1352	0.8868771
1353	0.8866276
1354	0.8863813
1355	0.886138
1356	0.8858979
1357	0.8856609
1358	0.885427
1359	0.8851962
1360	0.8849685
1361	0.8847421
1362	0.8845187
1363	0.8842982
1364	0.8840808
1365	0.8838664
1366	0.883655
1367	0.8834466
1368	0.8832413
1369	0.8830388
1370	0.8828394
1371	0.882643
1372	0.8824495
1373	0.882259
1374	0.8820715
1375	0.8818869
1376	0.8817053
1377	0.8815266
1378	0.8813509
1379	0.8811781
1380	0.8810082
1381	0.8808412
1382	0.8806772
1383	0.880516
1384	0.8803578
1385	0.8802024
1386	0.88005
1387	0.8799004
1388	0.8797537
1389	0.8796098
1390	0.8794689
1391	0.8793307
1392	0.8791954
1393	0.879063
1394	0.8789334
1395	0.8788066
1396	0.8786826
1397	0.8785614
1398	0.878443
1399	0.8783274
1400	0.8782146
1401	0.8781045
1402	0.8779973
1403	0.8778927
1404	0.877791
1405	0.8776919
1406	0.8775956
1407	0.8775021
1408	0.8774112
1409	0.8773231
1410	0.8772376
1411	0.8771582
1412	0.8770816
1413	0.8770077
1414	0.8769365
1415	0.8768681
1416	0.8768023
1417	0.8767392
1418	0.8766788
1419	0.8766211
1420	0.876566
1421	0.8765099
1422	0.8764564
1423	0.8764055
1424	0.8763571
1425	0.8763113
1426	0.8762681
1427	0.8762274
1428	0.8761892
1429	0.8761536
1430	0.8761204
1431	0.8760898
1432	0.8760617
1433	0.876036
1434	0.8760129
1435	0.8759922
1436	0.8759739
1437	0.8759581
1438	0.8759448
1439	0.8759338
1440	0.8759253
1441	0.8759192
1442	0.8759155
1443	0.8759142
1444	0.8759152
1445	0.8759186
1446	0.8759244
1447	0.8759325
1448	0.875943
1449	0.8759558
1450	0.8759709
1451	0.8759883
1452	0.876008
1453	0.87603
1454	0.8760542
1455	0.8760808
1456	0.8761096
1457	0.8761406
1458	0.8761739
1459	0.8762094
1460	0.8762471
1461	0.876287
1462	0.8763291
1463	0.8763734
1464	0.8764199
1465	0.8764685
1466	0.8765193
1467	0.8765723
1468	0.8766273
1469	0.8766845
1470	0.8767438
1471	0.8768052
1472	0.8768687
1473	0.8769343
1474	0.8770019
1475	0.8770716
1476	0.8771434
1477	0.8772172
1478	0.877293
1479	0.8773709
1480	0.8774507
1481	0.8775376
1482	0.8776265
1483	0.8777174
1484	0.8778103
1485	0.8779052
1486	0.8780021
1487	0.878101
1488	0.8782018
1489	0.8783045
1490	0.8784092
1491	0.8785107
1492	0.878614
1493	0.8787191
1494	0.8788262
1495	0.8789351
1496	0.8790458
1497	0.8791583
1498	0.8792727
1499	0.8793889
1500	0.8795069
1501	0.8796267
1502	0.8797482
1503	0.8798715
1504	0.8799966
1505	0.8801234
1506	0.880252
1507	0.8803822
1508	0.8805142
1509	0.8806479
1510	0.8807833
1511	0.8809204
1512	0.8810591
1513	0.8811995
1514	0.8813416
1515	0.8814853
1516	0.8816306
1517	0.8817776
1518	0.8819262
1519	0.8820763
1520	0.8822281
1521	0.8823814
1522	0.8825363
1523	0.8826928
1524	0.8828508
1525	0.8830104
1526	0.8831715
1527	0.8833341
1528	0.8834982
1529	0.8836638
1530	0.8838309
1531	0.8840053
1532	0.8841811
1533	0.8843585
1534	0.8845372
1535	0.8847175
1536	0.8848992
1537	0.8850823
1538	0.8852669
1539	0.8854529
1540	0.8856403
1541	0.8858232
1542	0.8860074
1543	0.8861931
1544	0.88638
1545	0.8865683
1546	0.886758
1547	0.8869489
1548	0.8871412
1549	0.8873347
1550	0.8875295
1551	0.8877256
1552	0.887923
1553	0.8881216
1554	0.8883215
1555	0.8885226
1556	0.888725
1557	0.8889285
1558	0.8891333
1559	0.8893392
1560	0.8895464
1561	0.8897547
1562	0.8899642
1563	0.8901748
1564	0.8903866
1565	0.8905995
1566	0.8908136
1567	0.8910287
1568	0.891245
1569	0.8914624
1570	0.8916809
1571	0.8919004
1572	0.892121
1573	0.8923427
1574	0.8925654
1575	0.8927892
1576	0.893014
1577	0.8932398
1578	0.8934667
1579	0.8936945
1580	0.8939234
1581	0.8941594
1582	0.8943963
1583	0.8946343
1584	0.8948733
1585	0.8951132
1586	0.895354
1587	0.8955958
1588	0.8958385
1589	0.8960821
1590	0.8963266
1591	0.8965658
1592	0.8968059
1593	0.8970468
1594	0.8972886
1595	0.8975313
1596	0.8977748
1597	0.8980191
1598	0.8982643
1599	0.8985103
1600	0.8987571
1601	0.8990047
1602	0.8992531
1603	0.8995022
1604	0.8997521
1605	0.9000028
1606	0.9002543
1607	0.9005065
1608	0.9007594
1609	0.9010131
1610	0.9012675
1611	0.9015225
1612	0.9017783
1613	0.9020348
1614	0.9022919
1615	0.9025498
1616	0.9028083
1617	0.9030674
1618	0.9033272
1619	0.9035877
1620	0.9038488
1621	0.9041105
1622	0.9043728
1623	0.9046357
1624	0.9048992
1625	0.9051633
1626	0.905428
1627	0.9056933
1628	0.9059591
1629	0.9062254
1630	0.9064924
1631	0.9067661
1632	0.9070404
1633	0.9073152
1634	0.9075905
1635	0.9078663
1636	0.9081426
1637	0.9084194
1638	0.9086966
1639	0.9089744
1640	0.9092526
1641	0.9095249
1642	0.9097977
1643	0.9100709
1644	0.9103446
1645	0.9106187
1646	0.9108932
1647	0.9111681
1648	0.9114434
1649	0.9117191
1650	0.9119952
1651	0.9122717
1652	0.9125485
1653	0.9128257
1654	0.9131032
1655	0.913381
1656	0.9136592
1657	0.9139378
1658	0.9142166
1659	0.9144958
1660	0.9147752
1661	0.915055
1662	0.915335
1663	0.9156154
1664	0.915896
1665	0.9161768
1666	0.916458
1667	0.9167393
1668	0.917021
1669	0.9173028
1670	0.9175849
1671	0.9178734
1672	0.9181621
1673	0.918451
1674	0.91874
1675	0.9190293
1676	0.9193187
1677	0.9196083
1678	0.919898
1679	0.9201879
1680	0.920478
1681	0.920762
1682	0.9210462
1683	0.9213306
1684	0.921615
1685	0.9218996
1686	0.9221842
1687	0.922469
1688	0.9227539
1689	0.9230389
1690	0.923324
1691	0.9236091
1692	0.9238943
1693	0.9241795
1694	0.9244649
1695	0.9247503
1696	0.9250357
1697	0.9253211
1698	0.9256066
1699	0.9258921
1700	0.9261777
1701	0.9264692
1702	0.9267607
1703	0.9270522
1704	0.9273437
1705	0.9276351
1706	0.9279265
1707	0.9282179
1708	0.9285091
1709	0.9288004
1710	0.9290916
1711	0.9293768
1712	0.9296619
1713	0.9299469
1714	0.9302319
1715	0.9305168
1716	0.9308016
1717	0.9310864
1718	0.931371
1719	0.9316555
1720	0.9319399
1721	0.9322242
1722	0.9325084
1723	0.9327924
1724	0.9330763
1725	0.93336
1726	0.9336437
1727	0.9339271
1728	0.9342104
1729	0.9344935
1730	0.9347765
1731	0.9350593
1732	0.9353419
1733	0.9356243
1734	0.9359065
1735	0.9361885
1736	0.9364703
1737	0.9367519
1738	0.9370333
1739	0.9373145
1740	0.9375954
1741	0.9378817
1742	0.9381678
1743	0.9384536
1744	0.9387391
1745	0.9390244
1746	0.9393093
1747	0.939594
1748	0.9398784
1749	0.9401625
1750	0.9404463
1751	0.9407242
1752	0.9410019
1753	0.9412792
1754	0.9415563
1755	0.941833
1756	0.9421095
1757	0.9423856
1758	0.9426614
1759	0.9429369
1760	0.943212
1761	0.9434868
1762	0.9437612
1763	0.9440353
1764	0.9443091
1765	0.9445825
1766	0.9448555
1767	0.9451281
1768	0.9454004
1769	0.9456723
1770	0.9459438
1771	0.9462203
1772	0.9464963
1773	0.9467719
1774	0.947047
1775	0.9473217
1776	0.947596
1777	0.9478699
1778	0.9481433
1779	0.9484162
1780	0.9486887
1781	0.9489556
1782	0.9492221
1783	0.9494881
1784	0.9497536
1785	0.9500187
1786	0.9502834
1787	0.9505476
1788	0.9508114
1789	0.9510746
1790	0.9513374
1791	0.9515997
1792	0.9518616
1793	0.9521229
1794	0.9523838
1795	0.9526442
1796	0.9529041
1797	0.9531635
1798	0.9534224
1799	0.9536807
1800	0.9539386
1801	0.9542008
1802	0.9544625
1803	0.9547237
1804	0.9549843
1805	0.9552443
1806	0.9555038
1807	0.9557627
1808	0.956021
1809	0.9562788
1810	0.9565359
1811	0.9567878
1812	0.9570391
1813	0.9572898
1814	0.95754
1815	0.9577896
1816	0.9580386
1817	0.9582871
1818	0.958535
1819	0.9587823
1820	0.959029
1821	0.9592752
1822	0.9595207
1823	0.9597657
1824	0.96001
1825	0.9602538
1826	0.9604969
1827	0.9607395
1828	0.9609814
1829	0.9612228
1830	0.9614635
1831	0.961708
1832	0.9619519
1833	0.9621952
1834	0.9624378
1835	0.9626797
1836	0.9629209
1837	0.9631616
1838	0.9634015
1839	0.9636407
1840	0.9638793
1841	0.9641129
1842	0.9643459
1843	0.9645782
1844	0.9648098
1845	0.9650408
1846	0.9652711
1847	0.9655008
1848	0.9657298
1849	0.9659581
1850	0.9661858
1851	0.9664127
1852	0.966639
1853	0.9668647
1854	0.9670896
1855	0.9673139
1856	0.9675375
1857	0.9677603
1858	0.9679825
1859	0.968204
1860	0.9684249
1861	0.9686489
1862	0.9688723
1863	0.969095
1864	0.9693169
1865	0.969538
1866	0.9697585
1867	0.9699782
1868	0.9701971
1869	0.9704153
1870	0.9706327
1871	0.9708456
1872	0.9710577
1873	0.9712692
1874	0.9714799
1875	0.9716898
1876	0.9718991
1877	0.9721076
1878	0.9723153
1879	0.9725224
1880	0.9727287
1881	0.9729342
1882	0.9731391
1883	0.9733431
1884	0.9735465
1885	0.9737491
1886	0.973951
1887	0.974152
1888	0.9743524
1889	0.974552
1890	0.9747509
1891	0.9749525
1892	0.9751533
1893	0.9753534
1894	0.9755526
1895	0.9757511
1896	0.9759487
1897	0.9761456
1898	0.9763417
1899	0.976537
1900	0.9767314
1901	0.9769218
1902	0.9771113
1903	0.9773001
1904	0.9774881
1905	0.9776753
1906	0.9778618
1907	0.9780474
1908	0.9782324
1909	0.9784165
1910	0.9785998
1911	0.9787856
1912	0.9789705
1913	0.9791547
1914	0.979338
1915	0.9795205
1916	0.9797022
1917	0.9798831
1918	0.9800632
1919	0.9802424
1920	0.9804208
1921	0.9805954
1922	0.9807691
1923	0.9809421
1924	0.9811143
1925	0.9812857
1926	0.9814563
1927	0.9816261
1928	0.9817951
1929	0.9819633
1930	0.9821307
1931	0.9823002
1932	0.9824688
1933	0.9826367
1934	0.9828037
1935	0.9829699
1936	0.9831352
1937	0.9832997
1938	0.9834634
1939	0.9836262
1940	0.9837882
1941	0.9839467
1942	0.9841043
1943	0.9842612
1944	0.9844172
1945	0.9845724
1946	0.9847268
1947	0.9848805
1948	0.9850333
1949	0.9851853
1950	0.9853365
1951	0.9854869
1952	0.9856365
1953	0.9857853
1954	0.9859333
1955	0.9860805
1956	0.9862268
1957	0.9863724
1958	0.9865171
1959	0.986661
1960	0.9868042
1961	0.9869489
1962	0.9870928
1963	0.9872358
1964	0.9873781
1965	0.9875195
1966	0.98766
1967	0.9877997
1968	0.9879386
1969	0.9880766
1970	0.9882138
1971	0.9883478
1972	0.9884811
1973	0.9886136
1974	0.9887452
1975	0.9888761
1976	0.9890061
1977	0.9891354
1978	0.9892638
1979	0.9893914
1980	0.9895182
1981	0.9896464
1982	0.9897736
1983	0.9899001
1984	0.9900257
1985	0.9901505
1986	0.9902744
1987	0.9903975
1988	0.9905198
1989	0.9906412
1990	0.9907618
1991	0.9908796
1992	0.9909966
1993	0.9911128
1994	0.9912283
1995	0.9913429
1996	0.9914567
1997	0.9915697
1998	0.9916819
1999	0.9917933
2000	0.9919039
