Wavelength (nm)	Transmittance
200	0.8839874
201	0.9140931
202	0.9454226
203	0.9731646
204	0.9925272
205	0.9999722
206	0.9943151
207	0.9770564
208	0.9517424
209	0.9227715
210	0.8942881
211	0.8668453
212	0.847518
213	0.8379405
214	0.8386137
215	0.8491717
216	0.8681427
217	0.8936991
218	0.9229869
219	0.9522775
220	0.9773285
221	0.99403
222	0.9999986
223	0.9945072
224	0.9789331
225	0.9562371
226	0.9302658
227	0.9042882
228	0.8810856
229	0.8626385
230	0.8501794
231	0.8443286
232	0.8450953
233	0.8522552
234	0.8652401
235	0.8831241
236	0.9043859
237	0.9275063
238	0.9504782
239	0.9711041
240	0.9872561
241	0.9971481
242	0.9999491
243	0.9955325
244	0.9846371
245	0.9686789
246	0.9495128
247	0.9289588
248	0.9087186
249	0.8902038
250	0.8744875
251	0.8623887
252	0.8542246
253	0.8502257
254	0.8504372
255	0.8547463
256	0.8628174
257	0.8742854
258	0.8886066
259	0.9050826
260	0.922861
261	0.9408927
262	0.9581664
263	0.9735868
264	0.9861292
265	0.9949429
266	0.999435
267	0.9994421
268	0.9950812
269	0.9867938
270	0.9752762
271	0.9614319
272	0.9461395
273	0.9302901
274	0.9146941
275	0.9000448
276	0.8869753
277	0.8758155
278	0.8668721
279	0.8603485
280	0.8563613
281	0.8549515
282	0.8560946
283	0.8597076
284	0.8656512
285	0.873731
286	0.8836047
287	0.895037
288	0.9076696
289	0.9210903
290	0.9348392
291	0.9484201
292	0.9613187
293	0.9730257
294	0.9830648
295	0.9910235
296	0.9965471
297	0.9995004
298	0.9998027
299	0.9975001
300	0.9927577
301	0.9858424
302	0.9770992
303	0.9669234
304	0.9557344
305	0.9439511
306	0.9320145
307	0.9202435
308	0.9089564
309	0.8984251
310	0.8888746
311	0.8805079
312	0.8734278
313	0.8677338
314	0.8634923
315	0.8607404
316	0.8594898
317	0.8597291
318	0.8614256
319	0.8645271
320	0.868962
321	0.8746067
322	0.881377
323	0.8891464
324	0.8977697
325	0.9070831
326	0.9168586
327	0.9269458
328	0.9371374
329	0.947217
330	0.9569637
331	0.966158
332	0.9745882
333	0.9820573
334	0.9883912
335	0.993444
336	0.9970913
337	0.999287
338	0.9999997
339	0.999239
340	0.9970539
341	0.9935292
342	0.9887807
343	0.9829492
344	0.9761941
345	0.9686864
346	0.9606029
347	0.9521198
348	0.9434085
349	0.9346314
350	0.9259386
351	0.9174998
352	0.9093999
353	0.9017444
354	0.8946237
355	0.8881143
356	0.882279
357	0.8771679
358	0.8728199
359	0.8692633
360	0.8665168
361	0.8645908
362	0.8634875
363	0.8632019
364	0.8637226
365	0.8650318
366	0.8670857
367	0.8698681
368	0.8733444
369	0.8774745
370	0.882213
371	0.8875091
372	0.8933065
373	0.8995441
374	0.9061555
375	0.9130694
376	0.9201693
377	0.9274162
378	0.9347287
379	0.9420228
380	0.9492132
381	0.9562147
382	0.9629425
383	0.9693144
384	0.9752518
385	0.9806815
386	0.9855365
387	0.9897582
388	0.9932965
389	0.9961119
390	0.9981756
391	0.9994699
392	0.9999887
393	0.9997373
394	0.9987321
395	0.9969994
396	0.9945754
397	0.9915042
398	0.987837
399	0.983631
400	0.9789474
401	0.9738768
402	0.9684621
403	0.9627689
404	0.9568622
405	0.9508059
406	0.9446615
407	0.9384878
408	0.9323403
409	0.9262707
410	0.9203269
411	0.9145529
412	0.908988
413	0.903668
414	0.8986245
415	0.8938853
416	0.8894745
417	0.8854127
418	0.8817171
419	0.8784019
420	0.8754785
421	0.8729554
422	0.870839
423	0.8691329
424	0.867839
425	0.866957
426	0.8664779
427	0.8664002
428	0.8667183
429	0.8674255
430	0.8685132
431	0.8699717
432	0.8717897
433	0.8739548
434	0.8764531
435	0.8792693
436	0.8824138
437	0.8858452
438	0.8895443
439	0.8934905
440	0.8976621
441	0.9019714
442	0.9064562
443	0.9110923
444	0.915855
445	0.9207182
446	0.9256899
447	0.9307081
448	0.9357443
449	0.94077
450	0.945756
451	0.9506736
452	0.9554941
453	0.960189
454	0.9647306
455	0.969092
456	0.9732473
457	0.9771719
458	0.9808428
459	0.9842387
460	0.9873401
461	0.9901129
462	0.9925632
463	0.9946784
464	0.9964486
465	0.997866
466	0.9989313
467	0.9996316
468	0.9999673
469	0.9999408
470	0.9995572
471	0.9988297
472	0.9977664
473	0.9963786
474	0.9946798
475	0.9926848
476	0.9904099
477	0.9878727
478	0.9850922
479	0.9820875
480	0.9788789
481	0.975487
482	0.9719328
483	0.968237
484	0.9644206
485	0.9605042
486	0.9565082
487	0.9524524
488	0.948356
489	0.9442376
490	0.9401152
491	0.9360057
492	0.9319255
493	0.9278902
494	0.9239137
495	0.92001
496	0.9161916
497	0.9124705
498	0.9088574
499	0.9053623
500	0.9019946
501	0.8987769
502	0.8957
503	0.8927707
504	0.8899948
505	0.8873776
506	0.8849151
507	0.8826224
508	0.8805028
509	0.8785593
510	0.876794
511	0.8752087
512	0.8738047
513	0.8725829
514	0.8715435
515	0.8706866
516	0.8700074
517	0.8695069
518	0.8691838
519	0.8690369
520	0.8690643
521	0.8692743
522	0.8696566
523	0.8702083
524	0.8709266
525	0.871808
526	0.872833
527	0.8740118
528	0.8753406
529	0.8768151
530	0.878431
531	0.8801836
532	0.882068
533	0.8840793
534	0.8862122
535	0.8884612
536	0.8908453
537	0.8933351
538	0.8959245
539	0.8986071
540	0.9013761
541	0.9041976
542	0.9070913
543	0.9100501
544	0.9130669
545	0.9161347
546	0.9192459
547	0.9223932
548	0.9255689
549	0.9287656
550	0.9319753
551	0.9351905
552	0.9384034
553	0.941606
554	0.9447907
555	0.9479498
556	0.9510752
557	0.9541599
558	0.957196
559	0.9601762
560	0.9630932
561	0.9659399
562	0.9687094
563	0.9713951
564	0.9739906
565	0.9764896
566	0.9788863
567	0.981175
568	0.9833506
569	0.9854081
570	0.9873429
571	0.989151
572	0.9908283
573	0.9923718
574	0.9937783
575	0.9950454
576	0.9961708
577	0.9971528
578	0.9979903
579	0.9986824
580	0.9992287
581	0.9996265
582	0.9998813
583	0.9999938
584	0.9999652
585	0.9997971
586	0.9994884
587	0.9990422
588	0.9984613
589	0.9977485
590	0.9969072
591	0.9959409
592	0.9948535
593	0.9936491
594	0.9923319
595	0.9909064
596	0.9893773
597	0.9877493
598	0.9860275
599	0.9842168
600	0.9823224
601	0.9803643
602	0.9783339
603	0.9762364
604	0.9740767
605	0.97186
606	0.9695749
607	0.9672427
608	0.9648685
609	0.9624574
610	0.9600145
611	0.9575621
612	0.9550878
613	0.9525962
614	0.9500918
615	0.9475791
616	0.9450451
617	0.9425115
618	0.9399824
619	0.937462
620	0.9349539
621	0.9324618
622	0.9299894
623	0.9275401
624	0.9251172
625	0.9227237
626	0.920377
627	0.9180647
628	0.9157895
629	0.9135538
630	0.9113602
631	0.9092106
632	0.9071074
633	0.9050524
634	0.9030476
635	0.9010945
636	0.8991855
637	0.8973326
638	0.8955373
639	0.8938007
640	0.8921241
641	0.890515
642	0.8889667
643	0.8874802
644	0.8860563
645	0.8846956
646	0.8833955
647	0.882161
648	0.8809926
649	0.8798908
650	0.8788558
651	0.877888
652	0.8769861
653	0.8761504
654	0.8753807
655	0.8746772
656	0.8740398
657	0.8734682
658	0.8729624
659	0.8725222
660	0.8721471
661	0.871843
662	0.8716046
663	0.8714315
664	0.8713233
665	0.8712794
666	0.8712903
667	0.8713633
668	0.8714977
669	0.871693
670	0.8719483
671	0.872263
672	0.8726364
673	0.8730676
674	0.8735559
675	0.8741004
676	0.8747003
677	0.8753546
678	0.8760625
679	0.876823
680	0.877635
681	0.8785139
682	0.8794433
683	0.880422
684	0.8814489
685	0.8825229
686	0.8836244
687	0.88477
688	0.8859584
689	0.8871884
690	0.8884589
691	0.8897686
692	0.8911162
693	0.8925005
694	0.8939202
695	0.895374
696	0.8968604
697	0.8983783
698	0.8999262
699	0.9015028
700	0.9031067
701	0.9047364
702	0.9063905
703	0.9080677
704	0.9097665
705	0.9114853
706	0.9132228
707	0.9149774
708	0.9167477
709	0.9185321
710	0.9203292
711	0.9221375
712	0.9239553
713	0.9257814
714	0.927614
715	0.9294518
716	0.931293
717	0.9331364
718	0.9349802
719	0.936823
720	0.9386633
721	0.9405107
722	0.9423524
723	0.9441869
724	0.9460127
725	0.9478283
726	0.9496322
727	0.9514229
728	0.953199
729	0.9549591
730	0.9567017
731	0.9584154
732	0.9601093
733	0.9617818
734	0.9634318
735	0.9650579
736	0.9666589
737	0.9682336
738	0.9697806
739	0.971299
740	0.9727874
741	0.9742449
742	0.9756703
743	0.9770626
744	0.9784207
745	0.9797437
746	0.9810308
747	0.982281
748	0.9834934
749	0.9846672
750	0.9858017
751	0.986896
752	0.9879496
753	0.9889618
754	0.989932
755	0.9908596
756	0.9917441
757	0.992585
758	0.9933819
759	0.9941345
760	0.9948423
761	0.9955017
762	0.9961163
763	0.9966859
764	0.9972105
765	0.9976898
766	0.9981238
767	0.9985124
768	0.9988558
769	0.9991539
770	0.9994067
771	0.9996156
772	0.999779
773	0.9998973
774	0.9999707
775	0.9999995
776	0.999984
777	0.9999246
778	0.9998217
779	0.9996757
780	0.9994871
781	0.9992564
782	0.9989841
783	0.9986708
784	0.998317
785	0.9979234
786	0.9974907
787	0.9970193
788	0.9965102
789	0.9959639
790	0.9953812
791	0.9947629
792	0.9941096
793	0.9934223
794	0.9927016
795	0.9919485
796	0.9911637
797	0.990348
798	0.9895024
799	0.9886277
800	0.9877248
801	0.9867944
802	0.9858376
803	0.9848552
804	0.9838481
805	0.9828172
806	0.9817635
807	0.9806876
808	0.9795907
809	0.9784736
810	0.9773371
811	0.9761877
812	0.975021
813	0.9738377
814	0.9726388
815	0.971425
816	0.9701973
817	0.9689565
818	0.9677034
819	0.9664389
820	0.9651638
821	0.9638731
822	0.9625734
823	0.9612654
824	0.9599501
825	0.9586281
826	0.9573004
827	0.9559676
828	0.9546305
829	0.9532899
830	0.9519465
831	0.9506068
832	0.9492656
833	0.9479236
834	0.9465815
835	0.94524
836	0.9438997
837	0.9425611
838	0.9412251
839	0.939892
840	0.9385625
841	0.9372318
842	0.935906
843	0.9345856
844	0.9332712
845	0.9319633
846	0.9306623
847	0.9293689
848	0.9280834
849	0.9268064
850	0.9255382
851	0.9242795
852	0.9230305
853	0.9217917
854	0.9205635
855	0.9193463
856	0.9181405
857	0.9169464
858	0.9157643
859	0.9145948
860	0.9134379
861	0.9122978
862	0.9111708
863	0.9100572
864	0.9089574
865	0.9078716
866	0.9068
867	0.9057429
868	0.9047006
869	0.9036733
870	0.9026611
871	0.9016618
872	0.9006783
873	0.8997108
874	0.8987595
875	0.8978245
876	0.8969061
877	0.8960043
878	0.8951193
879	0.8942512
880	0.8934002
881	0.8925677
882	0.8917522
883	0.8909539
884	0.8901728
885	0.889409
886	0.8886627
887	0.8879338
888	0.8872225
889	0.8865288
890	0.8858527
891	0.8851943
892	0.8845537
893	0.8839309
894	0.8833259
895	0.8827387
896	0.8821694
897	0.8816179
898	0.8810843
899	0.8805686
900	0.8800708
901	0.879592
902	0.8791312
903	0.8786886
904	0.878264
905	0.8778574
906	0.8774688
907	0.8770982
908	0.8767455
909	0.8764106
910	0.8760936
911	0.875792
912	0.8755079
913	0.8752412
914	0.8749918
915	0.8747598
916	0.874545
917	0.8743474
918	0.8741669
919	0.8740033
920	0.8738567
921	0.8737305
922	0.8736212
923	0.8735288
924	0.8734532
925	0.8733944
926	0.8733521
927	0.8733264
928	0.873317
929	0.873324
930	0.8733471
931	0.8733818
932	0.8734323
933	0.8734984
934	0.8735801
935	0.8736772
936	0.8737896
937	0.8739173
938	0.87406
939	0.8742176
940	0.8743901
941	0.8745773
942	0.874779
943	0.8749953
944	0.8752258
945	0.8754705
946	0.8757292
947	0.8760019
948	0.8762884
949	0.8765884
950	0.876902
951	0.8772353
952	0.877582
953	0.8779418
954	0.8783148
955	0.8787007
956	0.8790993
957	0.8795106
958	0.8799344
959	0.8803705
960	0.8808187
961	0.881272
962	0.8817369
963	0.8822135
964	0.8827014
965	0.8832006
966	0.8837108
967	0.8842321
968	0.8847641
969	0.8853068
970	0.8858598
971	0.8864232
972	0.8869968
973	0.8875803
974	0.8881736
975	0.8887766
976	0.8893891
977	0.8900108
978	0.8906418
979	0.8912817
980	0.8919305
981	0.892596
982	0.8932701
983	0.8939526
984	0.8946434
985	0.8953421
986	0.8960487
987	0.896763
988	0.8974848
989	0.8982141
990	0.8989504
991	0.8996853
992	0.9004269
993	0.9011751
994	0.9019297
995	0.9026906
996	0.9034575
997	0.9042304
998	0.9050089
999	0.905793
1000	0.9065824
1001	0.9073771
1002	0.9081767
1003	0.9089812
1004	0.9097904
1005	0.9106041
1006	0.9114221
1007	0.9122442
1008	0.9130704
1009	0.9139002
1010	0.9147338
1011	0.9155707
1012	0.916411
1013	0.9172543
1014	0.9181006
1015	0.9189496
1016	0.9198013
1017	0.9206552
1018	0.9215114
1019	0.9223697
1020	0.9232298
1021	0.9241005
1022	0.9249726
1023	0.9258461
1024	0.9267207
1025	0.9275964
1026	0.9284728
1027	0.9293499
1028	0.9302275
1029	0.9311054
1030	0.9319834
1031	0.9328528
1032	0.9337221
1033	0.9345909
1034	0.9354595
1035	0.9363272
1036	0.9371943
1037	0.9380602
1038	0.9389252
1039	0.9397887
1040	0.9406509
1041	0.9415113
1042	0.9423701
1043	0.9432269
1044	0.9440817
1045	0.9449341
1046	0.9457843
1047	0.9466318
1048	0.9474768
1049	0.9483188
1050	0.9491578
1051	0.9499937
1052	0.9508263
1053	0.9516555
1054	0.9524811
1055	0.9533031
1056	0.9541211
1057	0.9549352
1058	0.9557451
1059	0.9565508
1060	0.957352
1061	0.9581488
1062	0.9589408
1063	0.9597281
1064	0.9605104
1065	0.9612876
1066	0.9620597
1067	0.9628265
1068	0.9635879
1069	0.9643436
1070	0.9650938
1071	0.9658448
1072	0.9665899
1073	0.9673287
1074	0.9680614
1075	0.9687876
1076	0.9695074
1077	0.9702205
1078	0.970927
1079	0.9716266
1080	0.9723193
1081	0.9729991
1082	0.9736718
1083	0.9743375
1084	0.974996
1085	0.9756473
1086	0.9762912
1087	0.9769277
1088	0.9775567
1089	0.9781781
1090	0.9787918
1091	0.9793978
1092	0.9799959
1093	0.9805862
1094	0.9811684
1095	0.9817426
1096	0.9823087
1097	0.9828665
1098	0.9834162
1099	0.9839574
1100	0.9844904
1101	0.9850148
1102	0.9855308
1103	0.9860382
1104	0.986537
1105	0.9870271
1106	0.9875086
1107	0.9879812
1108	0.9884451
1109	0.9889001
1110	0.9893463
1111	0.9897835
1112	0.9902117
1113	0.990631
1114	0.9910412
1115	0.9914424
1116	0.9918345
1117	0.9922175
1118	0.9925913
1119	0.992956
1120	0.9933114
1121	0.9936577
1122	0.9939948
1123	0.9943226
1124	0.9946412
1125	0.9949505
1126	0.9952506
1127	0.9955413
1128	0.9958228
1129	0.996095
1130	0.996358
1131	0.9966137
1132	0.9968599
1133	0.9970967
1134	0.9973241
1135	0.9975421
1136	0.9977507
1137	0.9979498
1138	0.9981396
1139	0.9983199
1140	0.998491
1141	0.9986514
1142	0.9988027
1143	0.9989448
1144	0.9990778
1145	0.9992017
1146	0.9993166
1147	0.9994224
1148	0.9995192
1149	0.999607
1150	0.9996859
1151	0.9997558
1152	0.9998169
1153	0.9998691
1154	0.9999125
1155	0.9999472
1156	0.9999731
1157	0.9999903
1158	0.9999989
1159	0.9999989
1160	0.9999904
1161	0.9999733
1162	0.9999478
1163	0.9999138
1164	0.9998715
1165	0.9998209
1166	0.9997621
1167	0.999695
1168	0.9996198
1169	0.9995365
1170	0.9994452
1171	0.9993459
1172	0.9992386
1173	0.9991235
1174	0.9990006
1175	0.99887
1176	0.9987317
1177	0.9985857
1178	0.9984322
1179	0.9982713
1180	0.9981029
1181	0.9979271
1182	0.9977441
1183	0.9975538
1184	0.9973564
1185	0.9971519
1186	0.9969404
1187	0.9967219
1188	0.9964965
1189	0.9962644
1190	0.9960255
1191	0.9957799
1192	0.9955278
1193	0.9952691
1194	0.995004
1195	0.9947325
1196	0.9944547
1197	0.9941707
1198	0.9938805
1199	0.9935843
1200	0.9932821
1201	0.9929716
1202	0.9926552
1203	0.992333
1204	0.992005
1205	0.9916714
1206	0.9913321
1207	0.9909872
1208	0.990637
1209	0.9902813
1210	0.9899204
1211	0.9895568
1212	0.9891882
1213	0.9888146
1214	0.9884361
1215	0.9880527
1216	0.9876645
1217	0.9872717
1218	0.9868743
1219	0.9864722
1220	0.9860658
1221	0.985655
1222	0.9852398
1223	0.9848205
1224	0.9843969
1225	0.9839694
1226	0.9835377
1227	0.9831022
1228	0.9826628
1229	0.9822197
1230	0.9817728
1231	0.9813223
1232	0.9808683
1233	0.9804108
1234	0.9799499
1235	0.9794856
1236	0.9790181
1237	0.9785475
1238	0.9780737
1239	0.9775969
1240	0.9771171
1241	0.9766344
1242	0.976149
1243	0.9756607
1244	0.9751698
1245	0.9746763
1246	0.9741803
1247	0.9736817
1248	0.9731809
1249	0.9726776
1250	0.9721721
1251	0.9716644
1252	0.9711546
1253	0.9706428
1254	0.9701289
1255	0.9696132
1256	0.9690955
1257	0.9685761
1258	0.9680549
1259	0.9675322
1260	0.9670077
1261	0.9664818
1262	0.9659544
1263	0.9654256
1264	0.9648954
1265	0.964364
1266	0.9638313
1267	0.9632975
1268	0.9627626
1269	0.9622266
1270	0.9616896
1271	0.9611485
1272	0.9606065
1273	0.9600638
1274	0.9595203
1275	0.9589761
1276	0.9584313
1277	0.957886
1278	0.9573401
1279	0.9567938
1280	0.9562471
1281	0.9557032
1282	0.955159
1283	0.9546145
1284	0.9540699
1285	0.9535251
1286	0.9529801
1287	0.9524351
1288	0.9518901
1289	0.9513452
1290	0.9508003
1291	0.9502556
1292	0.949711
1293	0.9491668
1294	0.9486227
1295	0.948079
1296	0.9475357
1297	0.9469928
1298	0.9464503
1299	0.9459084
1300	0.945367
1301	0.9448261
1302	0.944286
1303	0.9437464
1304	0.9432076
1305	0.9426695
1306	0.9421323
1307	0.9415959
1308	0.9410603
1309	0.9405256
1310	0.939992
1311	0.9394592
1312	0.9389276
1313	0.9383969
1314	0.9378674
1315	0.937339
1316	0.9368117
1317	0.9362857
1318	0.9357608
1319	0.9352373
1320	0.934715
1321	0.9341941
1322	0.9336746
1323	0.9331564
1324	0.9326396
1325	0.9321244
1326	0.9316106
1327	0.9310983
1328	0.9305875
1329	0.9300784
1330	0.9295708
1331	0.9290649
1332	0.9285607
1333	0.928058
1334	0.9275572
1335	0.927058
1336	0.9265606
1337	0.926065
1338	0.9255712
1339	0.9250793
1340	0.9245892
1341	0.924101
1342	0.9236147
1343	0.9231303
1344	0.9226479
1345	0.9221674
1346	0.921689
1347	0.9212125
1348	0.9207381
1349	0.9202658
1350	0.9197955
1351	0.9193259
1352	0.9188584
1353	0.9183932
1354	0.9179301
1355	0.9174693
1356	0.9170108
1357	0.9165545
1358	0.9161005
1359	0.9156488
1360	0.9151994
1361	0.9147535
1362	0.9143099
1363	0.9138686
1364	0.9134296
1365	0.9129929
1366	0.9125586
1367	0.9121266
1368	0.911697
1369	0.9112697
1370	0.9108449
1371	0.9104225
1372	0.9100025
1373	0.9095849
1374	0.9091698
1375	0.9087571
1376	0.908347
1377	0.9079392
1378	0.907534
1379	0.9071313
1380	0.9067311
1381	0.9063334
1382	0.9059382
1383	0.9055456
1384	0.9051555
1385	0.904768
1386	0.904383
1387	0.9040006
1388	0.9036208
1389	0.9032436
1390	0.9028689
1391	0.9024969
1392	0.9021274
1393	0.9017606
1394	0.9013964
1395	0.9010348
1396	0.9006759
1397	0.9003195
1398	0.8999659
1399	0.8996148
1400	0.8992665
1401	0.8989207
1402	0.8985777
1403	0.8982373
1404	0.8978995
1405	0.8975645
1406	0.8972321
1407	0.8969024
1408	0.8965754
1409	0.896251
1410	0.8959294
1411	0.895611
1412	0.8952953
1413	0.8949825
1414	0.8946723
1415	0.894365
1416	0.8940604
1417	0.8937586
1418	0.8934596
1419	0.8931633
1420	0.8928698
1421	0.8925782
1422	0.8922892
1423	0.892003
1424	0.8917195
1425	0.8914387
1426	0.8911606
1427	0.8908852
1428	0.8906126
1429	0.8903426
1430	0.8900753
1431	0.8898107
1432	0.8895488
1433	0.8892896
1434	0.8890332
1435	0.8887794
1436	0.8885283
1437	0.8882799
1438	0.8880343
1439	0.8877913
1440	0.887551
1441	0.8873134
1442	0.8870784
1443	0.8868462
1444	0.8866166
1445	0.8863897
1446	0.8861655
1447	0.8859439
1448	0.885725
1449	0.8855088
1450	0.8852953
1451	0.8850844
1452	0.8848761
1453	0.8846705
1454	0.8844676
1455	0.8842673
1456	0.8840697
1457	0.8838746
1458	0.8836823
1459	0.8834925
1460	0.8833054
1461	0.8831208
1462	0.882939
1463	0.8827597
1464	0.882583
1465	0.8824089
1466	0.8822374
1467	0.8820685
1468	0.8819022
1469	0.8817385
1470	0.8815773
1471	0.8814188
1472	0.8812627
1473	0.8811093
1474	0.8809584
1475	0.8808101
1476	0.8806642
1477	0.880521
1478	0.8803802
1479	0.880242
1480	0.8801064
1481	0.879976
1482	0.8798481
1483	0.8797229
1484	0.8796001
1485	0.87948
1486	0.8793623
1487	0.8792472
1488	0.8791347
1489	0.8790246
1490	0.8789171
1491	0.878809
1492	0.8787033
1493	0.8786001
1494	0.8784994
1495	0.878401
1496	0.8783051
1497	0.8782116
1498	0.8781204
1499	0.8780317
1500	0.8779454
1501	0.8778614
1502	0.8777799
1503	0.8777007
1504	0.8776238
1505	0.8775494
1506	0.8774772
1507	0.8774074
1508	0.8773399
1509	0.8772748
1510	0.877212
1511	0.8771515
1512	0.8770932
1513	0.8770373
1514	0.8769837
1515	0.8769324
1516	0.8768833
1517	0.8768365
1518	0.8767919
1519	0.8767496
1520	0.8767095
1521	0.8766717
1522	0.8766361
1523	0.8766027
1524	0.8765715
1525	0.8765426
1526	0.8765158
1527	0.8764912
1528	0.8764688
1529	0.8764485
1530	0.8764305
1531	0.8764186
1532	0.8764089
1533	0.8764014
1534	0.8763961
1535	0.876393
1536	0.876392
1537	0.8763932
1538	0.8763965
1539	0.8764019
1540	0.8764095
1541	0.8764149
1542	0.8764223
1543	0.8764318
1544	0.8764434
1545	0.876457
1546	0.8764726
1547	0.8764902
1548	0.8765099
1549	0.8765315
1550	0.8765552
1551	0.8765809
1552	0.8766085
1553	0.8766381
1554	0.8766696
1555	0.8767032
1556	0.8767386
1557	0.876776
1558	0.8768154
1559	0.8768566
1560	0.8768998
1561	0.8769448
1562	0.8769918
1563	0.8770406
1564	0.8770914
1565	0.877144
1566	0.8771984
1567	0.8772547
1568	0.8773129
1569	0.8773729
1570	0.8774347
1571	0.8774983
1572	0.8775638
1573	0.877631
1574	0.8777001
1575	0.8777709
1576	0.8778435
1577	0.8779178
1578	0.8779939
1579	0.8780718
1580	0.8781514
1581	0.8782378
1582	0.878326
1583	0.8784159
1584	0.8785075
1585	0.8786009
1586	0.878696
1587	0.8787928
1588	0.8788914
1589	0.8789916
1590	0.8790935
1591	0.8791918
1592	0.8792918
1593	0.8793934
1594	0.8794966
1595	0.8796015
1596	0.8797079
1597	0.8798159
1598	0.8799256
1599	0.8800368
1600	0.8801495
1601	0.8802638
1602	0.8803797
1603	0.8804971
1604	0.8806161
1605	0.8807365
1606	0.8808585
1607	0.880982
1608	0.881107
1609	0.8812335
1610	0.8813614
1611	0.8814909
1612	0.8816218
1613	0.8817541
1614	0.8818879
1615	0.8820232
1616	0.8821598
1617	0.8822979
1618	0.8824374
1619	0.8825783
1620	0.8827206
1621	0.8828643
1622	0.8830094
1623	0.8831558
1624	0.8833036
1625	0.8834528
1626	0.8836033
1627	0.8837551
1628	0.8839083
1629	0.8840628
1630	0.8842186
1631	0.8843814
1632	0.8845456
1633	0.8847111
1634	0.8848779
1635	0.8850459
1636	0.8852153
1637	0.8853859
1638	0.8855578
1639	0.8857309
1640	0.8859053
1641	0.8860751
1642	0.8862461
1643	0.8864182
1644	0.8865916
1645	0.8867661
1646	0.8869419
1647	0.8871188
1648	0.8872968
1649	0.887476
1650	0.8876564
1651	0.8878379
1652	0.8880205
1653	0.8882042
1654	0.8883891
1655	0.888575
1656	0.888762
1657	0.8889502
1658	0.8891394
1659	0.8893296
1660	0.889521
1661	0.8897134
1662	0.8899068
1663	0.8901013
1664	0.8902968
1665	0.8904933
1666	0.8906909
1667	0.8908894
1668	0.8910889
1669	0.8912894
1670	0.891491
1671	0.8916995
1672	0.8919091
1673	0.8921196
1674	0.8923311
1675	0.8925436
1676	0.8927569
1677	0.8929713
1678	0.8931865
1679	0.8934027
1680	0.8936198
1681	0.8938316
1682	0.8940443
1683	0.8942579
1684	0.8944724
1685	0.8946877
1686	0.8949039
1687	0.8951209
1688	0.8953387
1689	0.8955574
1690	0.895777
1691	0.8959973
1692	0.8962184
1693	0.8964404
1694	0.8966631
1695	0.8968866
1696	0.8971109
1697	0.897336
1698	0.8975618
1699	0.8977884
1700	0.8980157
1701	0.89825
1702	0.898485
1703	0.8987208
1704	0.8989573
1705	0.8991945
1706	0.8994324
1707	0.899671
1708	0.8999103
1709	0.9001503
1710	0.9003909
1711	0.900626
1712	0.9008617
1713	0.9010981
1714	0.9013351
1715	0.9015728
1716	0.901811
1717	0.9020499
1718	0.9022894
1719	0.9025295
1720	0.9027702
1721	0.9030116
1722	0.9032534
1723	0.9034959
1724	0.9037389
1725	0.9039825
1726	0.9042266
1727	0.9044713
1728	0.9047166
1729	0.9049623
1730	0.9052086
1731	0.9054554
1732	0.9057027
1733	0.9059506
1734	0.9061989
1735	0.9064477
1736	0.906697
1737	0.9069468
1738	0.907197
1739	0.9074478
1740	0.9076989
1741	0.9079568
1742	0.9082151
1743	0.9084739
1744	0.9087331
1745	0.9089927
1746	0.9092528
1747	0.9095132
1748	0.909774
1749	0.9100353
1750	0.9102969
1751	0.9105526
1752	0.9108087
1753	0.9110652
1754	0.911322
1755	0.9115792
1756	0.9118367
1757	0.9120946
1758	0.9123528
1759	0.9126113
1760	0.9128702
1761	0.9131294
1762	0.9133889
1763	0.9136487
1764	0.9139088
1765	0.9141691
1766	0.9144298
1767	0.9146907
1768	0.9149519
1769	0.9152134
1770	0.9154751
1771	0.9157433
1772	0.9160117
1773	0.9162804
1774	0.9165492
1775	0.9168183
1776	0.9170876
1777	0.9173572
1778	0.9176269
1779	0.9178968
1780	0.9181669
1781	0.918431
1782	0.9186953
1783	0.9189597
1784	0.9192244
1785	0.9194892
1786	0.9197541
1787	0.9200192
1788	0.9202845
1789	0.9205499
1790	0.9208155
1791	0.9210811
1792	0.9213469
1793	0.9216128
1794	0.9218788
1795	0.922145
1796	0.9224112
1797	0.9226775
1798	0.9229439
1799	0.9232104
1800	0.9234769
1801	0.9237496
1802	0.9240224
1803	0.9242952
1804	0.924568
1805	0.9248409
1806	0.9251138
1807	0.9253867
1808	0.9256596
1809	0.9259326
1810	0.9262055
1811	0.9264725
1812	0.9267395
1813	0.9270065
1814	0.9272734
1815	0.9275404
1816	0.9278074
1817	0.9280743
1818	0.9283412
1819	0.9286081
1820	0.928875
1821	0.9291418
1822	0.9294086
1823	0.9296753
1824	0.929942
1825	0.9302086
1826	0.9304751
1827	0.9307416
1828	0.931008
1829	0.9312743
1830	0.9315405
1831	0.9318125
1832	0.9320843
1833	0.9323561
1834	0.9326277
1835	0.9328992
1836	0.9331705
1837	0.9334418
1838	0.9337128
1839	0.9339838
1840	0.9342545
1841	0.9345194
1842	0.9347841
1843	0.9350487
1844	0.9353131
1845	0.9355774
1846	0.9358415
1847	0.9361054
1848	0.9363691
1849	0.9366327
1850	0.9368961
1851	0.9371593
1852	0.9374223
1853	0.9376851
1854	0.9379477
1855	0.9382101
1856	0.9384723
1857	0.9387342
1858	0.938996
1859	0.9392575
1860	0.9395188
1861	0.9397854
1862	0.9400518
1863	0.9403178
1864	0.9405837
1865	0.9408492
1866	0.9411145
1867	0.9413795
1868	0.9416442
1869	0.9419086
1870	0.9421727
1871	0.9424311
1872	0.9426892
1873	0.942947
1874	0.9432045
1875	0.9434618
1876	0.9437187
1877	0.9439754
1878	0.9442317
1879	0.9444877
1880	0.9447434
1881	0.9449988
1882	0.9452538
1883	0.9455086
1884	0.945763
1885	0.946017
1886	0.9462708
1887	0.9465242
1888	0.9467772
1889	0.9470299
1890	0.9472823
1891	0.9475395
1892	0.9477963
1893	0.9480527
1894	0.9483088
1895	0.9485644
1896	0.9488197
1897	0.9490745
1898	0.9493289
1899	0.949583
1900	0.9498366
1901	0.9500847
1902	0.9503324
1903	0.9505797
1904	0.9508266
1905	0.9510731
1906	0.9513192
1907	0.9515648
1908	0.9518101
1909	0.9520549
1910	0.9522993
1911	0.9525482
1912	0.9527967
1913	0.9530448
1914	0.9532923
1915	0.9535394
1916	0.953786
1917	0.9540322
1918	0.9542779
1919	0.9545231
1920	0.9547678
1921	0.9550072
1922	0.9552461
1923	0.9554846
1924	0.9557225
1925	0.95596
1926	0.9561971
1927	0.9564337
1928	0.9566697
1929	0.9569053
1930	0.9571404
1931	0.9573798
1932	0.9576186
1933	0.9578568
1934	0.9580946
1935	0.9583318
1936	0.9585685
1937	0.9588047
1938	0.9590403
1939	0.9592754
1940	0.9595099
1941	0.9597393
1942	0.9599682
1943	0.9601966
1944	0.9604245
1945	0.9606518
1946	0.9608785
1947	0.9611048
1948	0.9613305
1949	0.9615557
1950	0.9617803
1951	0.9620044
1952	0.962228
1953	0.962451
1954	0.9626734
1955	0.9628953
1956	0.9631166
1957	0.9633374
1958	0.9635576
1959	0.9637772
1960	0.9639963
1961	0.9642191
1962	0.9644413
1963	0.9646629
1964	0.964884
1965	0.9651043
1966	0.9653241
1967	0.9655433
1968	0.9657619
1969	0.9659798
1970	0.9661971
1971	0.9664097
1972	0.9666217
1973	0.9668331
1974	0.9670438
1975	0.967254
1976	0.9674636
1977	0.9676726
1978	0.967881
1979	0.9680887
1980	0.9682959
1981	0.9685065
1982	0.9687164
1983	0.9689256
1984	0.9691343
1985	0.9693423
1986	0.9695496
1987	0.9697563
1988	0.9699623
1989	0.9701677
1990	0.9703724
1991	0.9705726
1992	0.9707722
1993	0.9709711
1994	0.9711695
1995	0.9713671
1996	0.9715642
1997	0.9717606
1998	0.9719564
1999	0.9721515
2000	0.9723459
2001	0.9725435
2002	0.9727404
2003	0.9729366
2004	0.9731321
2005	0.9733269
2006	0.9735211
2007	0.9737146
2008	0.9739074
2009	0.9740994
2010	0.9742909
2011	0.9744781
2012	0.9746646
2013	0.9748504
2014	0.9750356
2015	0.9752202
2016	0.975404
2017	0.9755872
2018	0.9757697
2019	0.9759516
2020	0.9761328
2021	0.9763167
2022	0.9765
2023	0.9766825
2024	0.9768644
2025	0.9770455
2026	0.9772259
2027	0.9774056
2028	0.9775846
2029	0.9777629
2030	0.9779405
2031	0.9781141
2032	0.9782871
2033	0.9784593
2034	0.9786309
2035	0.9788018
2036	0.9789719
2037	0.9791415
2038	0.9793103
2039	0.9794784
2040	0.9796459
2041	0.9798158
2042	0.9799849
2043	0.9801534
2044	0.9803211
2045	0.9804881
2046	0.9806543
2047	0.9808199
2048	0.9809847
2049	0.9811488
2050	0.9813122
2051	0.9814718
2052	0.9816308
2053	0.9817891
2054	0.9819467
2055	0.9821036
2056	0.9822598
2057	0.9824153
2058	0.9825701
2059	0.9827242
2060	0.9828775
2061	0.983033
2062	0.9831878
2063	0.9833418
2064	0.9834951
2065	0.9836477
2066	0.9837995
2067	0.9839507
2068	0.984101
2069	0.9842506
2070	0.9843995
2071	0.984545
2072	0.9846898
2073	0.9848339
2074	0.9849773
2075	0.98512
2076	0.9852619
2077	0.9854032
2078	0.9855437
2079	0.9856836
2080	0.9858227
2081	0.9859637
2082	0.9861039
2083	0.9862433
2084	0.9863821
2085	0.9865201
2086	0.9866573
2087	0.9867938
2088	0.9869296
2089	0.9870647
2090	0.987199
2091	0.9873301
2092	0.9874606
2093	0.9875904
2094	0.9877195
2095	0.9878478
2096	0.9879755
2097	0.9881024
2098	0.9882286
2099	0.9883542
2100	0.988479
2101	0.9886053
2102	0.9887309
2103	0.9888557
2104	0.9889799
2105	0.9891033
2106	0.9892259
2107	0.9893478
2108	0.989469
2109	0.9895894
2110	0.9897091
2111	0.989826
2112	0.9899422
2113	0.9900576
2114	0.9901724
2115	0.9902864
2116	0.9903998
2117	0.9905124
2118	0.9906244
2119	0.9907356
2120	0.9908461
2121	0.9909579
2122	0.9910689
2123	0.9911792
2124	0.9912888
2125	0.9913977
2126	0.9915058
2127	0.9916132
2128	0.9917198
2129	0.9918257
2130	0.9919309
2131	0.9920336
2132	0.9921356
2133	0.9922368
2134	0.9923374
2135	0.9924373
2136	0.9925364
2137	0.9926349
2138	0.9927327
2139	0.9928298
2140	0.9929261
2141	0.9930235
2142	0.9931201
2143	0.9932161
2144	0.9933112
2145	0.9934057
2146	0.9934995
2147	0.9935925
2148	0.9936849
2149	0.9937765
2150	0.9938673
2151	0.993956
2152	0.9940439
2153	0.9941312
2154	0.9942178
2155	0.9943036
2156	0.9943888
2157	0.9944734
2158	0.9945572
2159	0.9946403
2160	0.9947228
2161	0.994806
2162	0.9948885
2163	0.9949702
2164	0.9950513
2165	0.9951317
2166	0.9952114
2167	0.9952903
2168	0.9953686
2169	0.9954462
2170	0.995523
2171	0.9955992
2172	0.9956746
2173	0.9957494
2174	0.9958235
2175	0.9958969
2176	0.9959695
2177	0.9960415
2178	0.9961128
2179	0.9961834
2180	0.9962533
2181	0.9963214
2182	0.9963888
2183	0.9964555
2184	0.9965216
2185	0.996587
2186	0.9966518
2187	0.9967159
2188	0.9967793
2189	0.9968421
2190	0.9969042
2191	0.9969667
2192	0.9970286
2193	0.9970897
2194	0.9971502
2195	0.99721
2196	0.9972691
2197	0.9973276
2198	0.9973853
2199	0.9974425
2200	0.9974989
2201	0.9975538
2202	0.997608
2203	0.9976615
2204	0.9977145
2205	0.9977667
2206	0.9978184
2207	0.9978694
2208	0.9979198
2209	0.9979695
2210	0.9980186
2211	0.9980679
2212	0.9981165
2213	0.9981644
2214	0.9982117
2215	0.9982584
2216	0.9983044
2217	0.9983498
2218	0.9983945
2219	0.9984385
2220	0.998482
2221	0.9985247
2222	0.9985669
2223	0.9986083
2224	0.9986492
2225	0.9986894
2226	0.998729
2227	0.9987679
2228	0.9988062
2229	0.9988439
2230	0.9988809
2231	0.9989167
2232	0.9989519
2233	0.9989865
2234	0.9990205
2235	0.9990539
2236	0.9990867
2237	0.9991189
2238	0.9991505
2239	0.9991814
2240	0.9992118
2241	0.9992421
2242	0.9992717
2243	0.9993008
2244	0.9993292
2245	0.999357
2246	0.9993842
2247	0.9994108
2248	0.9994368
2249	0.9994621
2250	0.9994869
2251	0.9995111
2252	0.9995346
2253	0.9995576
2254	0.99958
2255	0.9996017
2256	0.9996229
2257	0.9996435
2258	0.9996634
2259	0.9996828
2260	0.9997016
2261	0.9997196
2262	0.9997369
2263	0.9997537
2264	0.9997699
2265	0.9997856
2266	0.9998006
2267	0.9998152
2268	0.9998291
2269	0.9998425
2270	0.9998554
2271	0.9998679
2272	0.9998798
2273	0.9998911
2274	0.9999019
2275	0.9999121
2276	0.9999217
2277	0.9999308
2278	0.9999393
2279	0.9999472
2280	0.9999546
2281	0.9999614
2282	0.9999676
2283	0.9999733
2284	0.9999785
2285	0.9999831
2286	0.9999871
2287	0.9999906
2288	0.9999935
2289	0.9999959
2290	0.9999977
2291	0.999999
2292	0.9999998
2293	1.0
2294	0.9999997
2295	0.9999989
2296	0.9999975
2297	0.9999957
2298	0.9999933
2299	0.9999904
2300	0.999987
2301	0.999983
2302	0.9999785
2303	0.9999735
2304	0.9999679
2305	0.9999618
2306	0.9999552
2307	0.9999481
2308	0.9999404
2309	0.9999322
2310	0.9999236
2311	0.9999144
2312	0.9999046
2313	0.9998944
2314	0.9998837
2315	0.9998724
2316	0.9998607
2317	0.9998485
2318	0.9998357
2319	0.9998224
2320	0.9998087
2321	0.9997944
2322	0.9997797
2323	0.9997644
2324	0.9997487
2325	0.9997325
2326	0.9997157
2327	0.9996985
2328	0.9996808
2329	0.9996627
2330	0.999644
2331	0.9996251
2332	0.9996058
2333	0.999586
2334	0.9995658
2335	0.999545
2336	0.9995239
2337	0.9995022
2338	0.9994801
2339	0.9994576
2340	0.9994346
2341	0.9994107
2342	0.9993865
2343	0.9993617
2344	0.9993365
2345	0.9993108
2346	0.9992847
2347	0.9992581
2348	0.9992311
2349	0.9992036
2350	0.9991756
2351	0.9991472
2352	0.9991183
2353	0.999089
2354	0.9990593
2355	0.9990291
2356	0.9989985
2357	0.9989674
2358	0.9989359
2359	0.9989039
2360	0.9988715
2361	0.9988392
2362	0.9988064
2363	0.9987732
2364	0.9987396
2365	0.9987056
2366	0.9986712
2367	0.9986363
2368	0.9986011
2369	0.9985654
2370	0.9985293
2371	0.9984922
2372	0.9984548
2373	0.9984169
2374	0.9983786
2375	0.9983399
2376	0.9983008
2377	0.9982613
2378	0.9982214
2379	0.998181
2380	0.9981403
2381	0.9980992
2382	0.9980576
2383	0.9980157
2384	0.9979733
2385	0.9979306
2386	0.9978874
2387	0.9978439
2388	0.9978
2389	0.9977556
2390	0.9977109
2391	0.9976658
2392	0.9976203
2393	0.9975745
2394	0.9975282
2395	0.9974816
2396	0.9974346
2397	0.9973872
2398	0.9973394
2399	0.9972913
2400	0.9972427
2401	0.9971938
2402	0.9971446
2403	0.9970949
2404	0.9970449
2405	0.9969946
2406	0.9969438
2407	0.9968927
2408	0.9968412
2409	0.9967894
2410	0.9967373
2411	0.9966854
2412	0.9966333
2413	0.9965808
2414	0.9965279
2415	0.9964747
2416	0.9964212
2417	0.9963673
2418	0.9963131
2419	0.9962586
2420	0.9962037
2421	0.9961477
2422	0.9960913
2423	0.9960347
2424	0.9959777
2425	0.9959203
2426	0.9958626
2427	0.9958046
2428	0.9957463
2429	0.9956876
2430	0.9956286
2431	0.9955693
2432	0.9955096
2433	0.9954496
2434	0.9953893
2435	0.9953287
2436	0.9952677
2437	0.9952065
2438	0.9951449
2439	0.995083
2440	0.9950208
2441	0.9949582
2442	0.9948954
2443	0.9948322
2444	0.9947688
2445	0.994705
2446	0.9946409
2447	0.9945766
2448	0.9945119
2449	0.9944469
2450	0.9943816
2451	0.9943161
2452	0.9942502
2453	0.994184
2454	0.9941176
2455	0.9940508
2456	0.9939838
2457	0.9939164
2458	0.9938488
2459	0.9937809
2460	0.9937127
2461	0.9936451
2462	0.9935772
2463	0.9935091
2464	0.9934407
2465	0.993372
2466	0.993303
2467	0.9932338
2468	0.9931643
2469	0.9930945
2470	0.9930245
2471	0.9929533
2472	0.9928818
2473	0.99281
2474	0.992738
2475	0.9926657
2476	0.9925932
2477	0.9925204
2478	0.9924473
2479	0.992374
2480	0.9923004
2481	0.9922265
2482	0.9921525
2483	0.9920781
2484	0.9920035
2485	0.9919286
2486	0.9918535
2487	0.9917782
2488	0.9917026
2489	0.9916268
2490	0.9915507
2491	0.9914743
2492	0.9913978
2493	0.9913209
2494	0.9912439
2495	0.9911666
2496	0.9910891
2497	0.9910113
2498	0.9909333
2499	0.9908551
2500	0.9907766
