Wavelength (nm)	Reflectance
1000	0.3078331
1001	0.3639465
1002	0.4154157
1003	0.4617555
1004	0.5029315
1005	0.5391662
1006	0.5708375
1007	0.5983641
1008	0.6221808
1009	0.6426872
1010	0.6602532
1011	0.6751967
1012	0.6877976
1013	0.6982874
1014	0.7068633
1015	0.7136824
1016	0.7188726
1017	0.7225301
1018	0.7247254
1019	0.7255032
1020	0.7248845
1021	0.7228668
1022	0.7194255
1023	0.7145115
1024	0.7080534
1025	0.699952
1026	0.6900844
1027	0.6782949
1028	0.6644017
1029	0.6481848
1030	0.6293975
1031	0.6077532
1032	0.5829453
1033	0.5546414
1034	0.5225064
1035	0.4862441
1036	0.4456213
1037	0.4005715
1038	0.3512638
1039	0.2982752
1040	0.2427056
1041	0.18637
1042	0.1318374
1043	0.0824139
1044	0.0418109
1045	0.0136427
1046	0.0006915
1047	0.0042823
1048	0.0239407
1049	0.0575216
1050	0.1017516
1051	0.1556709
1052	0.2139035
1053	0.2724172
1054	0.3287495
1055	0.3813721
1056	0.426524
1057	0.4668053
1058	0.503035
1059	0.5353933
1060	0.5641299
1061	0.5895398
1062	0.6119234
1063	0.6315775
1064	0.6487673
1065	0.6637385
1066	0.6767045
1067	0.687854
1068	0.6973527
1069	0.7053369
1070	0.7119243
1071	0.717206
1072	0.7212625
1073	0.7241539
1074	0.7259247
1075	0.7266038
1076	0.7262029
1077	0.7247255
1078	0.7221593
1079	0.7184784
1080	0.7136422
1081	0.7075919
1082	0.7002607
1083	0.691561
1084	0.6813909
1085	0.6696265
1086	0.6561945
1087	0.6409029
1088	0.6235638
1089	0.6039787
1090	0.5819418
1091	0.5571285
1092	0.5293749
1093	0.4984907
1094	0.4643147
1095	0.4267451
1096	0.3859315
1097	0.3420082
1098	0.2953994
1099	0.2469028
1100	0.1977011
1101	0.1494889
1102	0.1042875
1103	0.0644767
1104	0.0325227
1105	0.0106772
1106	0.0005914
1107	0.0030316
1108	0.0177238
1109	0.0434125
1110	0.0781154
1111	0.1194475
1112	0.1649903
1113	0.2125497
1114	0.2602969
1115	0.3068597
1116	0.3512635
1117	0.3929111
1118	0.4314689
1119	0.4668274
1120	0.4990053
1121	0.5281278
1122	0.5543625
1123	0.5779159
1124	0.598993
1125	0.6178056
1126	0.6345453
1127	0.6493975
1128	0.66253
1129	0.6740887
1130	0.6842082
1131	0.6929658
1132	0.7005036
1133	0.7069159
1134	0.7122765
1135	0.7166448
1136	0.7200834
1137	0.7226127
1138	0.7242597
1139	0.7250454
1140	0.7249825
1141	0.724083
1142	0.7223454
1143	0.7197567
1144	0.7162959
1145	0.7119334
1146	0.7066318
1147	0.7003434
1148	0.6930128
1149	0.6845721
1150	0.6749459
1151	0.6640438
1152	0.6517689
1153	0.6380076
1154	0.6226407
1155	0.605532
1156	0.586543
1157	0.5655219
1158	0.5423238
1159	0.5168025
1160	0.4888265
1161	0.4583033
1162	0.4251777
1163	0.3894834
1164	0.3513463
1165	0.311053
1166	0.2690602
1167	0.226069
1168	0.1830203
1169	0.1411411
1170	0.1018839
1171	0.0668891
1172	0.0378293
1173	0.0162675
1174	0.0034447
1175	0.0001209
1176	0.0064042
1177	0.0217814
1178	0.045269
1179	0.0754994
1180	0.1108829
1181	0.150009
1182	0.1912225
1183	0.2331521
1184	0.2747085
1185	0.3150795
1186	0.3535435
1187	0.3898453
1188	0.4237979
1189	0.4553175
1190	0.4843958
1191	0.511147
1192	0.5356261
1193	0.5579396
1194	0.5782296
1195	0.5966329
1196	0.6132377
1197	0.6282266
1198	0.6417411
1199	0.6538923
1200	0.6647869
1201	0.6745079
1202	0.683151
1203	0.690792
1204	0.6974991
1205	0.7033289
1206	0.7083416
1207	0.7125711
1208	0.716051
1209	0.7188131
1210	0.7208816
1211	0.7222758
1212	0.7230113
1213	0.7230977
1214	0.7225388
1215	0.7213336
1216	0.7194899
1217	0.7169945
1218	0.7138305
1219	0.709977
1220	0.7054099
1221	0.7000667
1222	0.6939255
1223	0.6869524
1224	0.6790978
1225	0.670309
1226	0.6605232
1227	0.6496749
1228	0.6376879
1229	0.6244839
1230	0.6099736
1231	0.5941573
1232	0.5768867
1233	0.5580487
1234	0.5375435
1235	0.5152844
1236	0.4911853
1237	0.4651873
1238	0.4372502
1239	0.4073712
1240	0.3756101
1241	0.3418984
1242	0.3065775
1243	0.2700133
1244	0.2326753
1245	0.1951652
1246	0.1584484
1247	0.1232573
1248	0.090558
1249	0.0614207
1250	0.0369283
1251	0.0180664
1252	0.0056511
1253	0.0002288
1254	0.0020256
1255	0.0109175
1256	0.0264501
1257	0.0478847
1258	0.0742902
1259	0.1046169
1260	0.1378056
1261	0.1728346
1262	0.2087998
1263	0.2449156
1264	0.2805567
1265	0.3152251
1266	0.3485674
1267	0.3803283
1268	0.4103564
1269	0.4385739
1270	0.4649507
1271	0.4894351
1272	0.5121398
1273	0.5331577
1274	0.5525646
1275	0.570452
1276	0.5869226
1277	0.6020538
1278	0.6159251
1279	0.6286233
1280	0.6402242
1281	0.6508252
1282	0.6604717
1283	0.6692226
1284	0.6771335
1285	0.6842575
1286	0.6906109
1287	0.6962661
1288	0.7012697
1289	0.7056532
1290	0.709446
1291	0.7126722
1292	0.7153537
1293	0.7175079
1294	0.71915
1295	0.7202914
1296	0.7209412
1297	0.7210991
1298	0.7207676
1299	0.7199472
1300	0.7186356
1301	0.7168411
1302	0.7145524
1303	0.7117562
1304	0.7084399
1305	0.7045869
1306	0.7001793
1307	0.6951943
1308	0.689608
1309	0.6833912
1310	0.6765138
1311	0.6689395
1312	0.6606315
1313	0.6515462
1314	0.64164
1315	0.6308631
1316	0.6191618
1317	0.6064831
1318	0.5927662
1319	0.5779536
1320	0.5619811
1321	0.5447909
1322	0.5263201
1323	0.5065177
1324	0.4853319
1325	0.4627305
1326	0.4388319
1327	0.4135524
1328	0.3868807
1329	0.3588857
1330	0.3296686
1331	0.2992157
1332	0.2678714
1333	0.2359756
1334	0.2039137
1335	0.1721401
1336	0.1412026
1337	0.1117067
1338	0.0843236
1339	0.0597386
1340	0.0386391
1341	0.0217376
1342	0.0094473
1343	0.0021325
1344	2.67e-05
1345	0.0031792
1346	0.0114788
1347	0.0246224
1348	0.0421487
1349	0.0634823
1350	0.0879865
1351	0.1150191
1352	0.1439047
1353	0.1740048
1354	0.2047614
1355	0.2356764
1356	0.2662373
1357	0.2961874
1358	0.3253009
1359	0.3533773
1360	0.3802844
1361	0.4059259
1362	0.4302531
1363	0.4532478
1364	0.4749086
1365	0.4952624
1366	0.51434
1367	0.5321904
1368	0.5488607
1369	0.564409
1370	0.5788881
1371	0.5923578
1372	0.6048705
1373	0.6164828
1374	0.6272438
1375	0.6372048
1376	0.6464098
1377	0.6549039
1378	0.6627256
1379	0.6699131
1380	0.6765014
1381	0.6825207
1382	0.6880011
1383	0.6929678
1384	0.6974456
1385	0.7014552
1386	0.7050168
1387	0.7081466
1388	0.7108607
1389	0.7131716
1390	0.7150915
1391	0.7166235
1392	0.7177856
1393	0.7185859
1394	0.7190295
1395	0.7191196
1396	0.7188535
1397	0.7182302
1398	0.7172496
1399	0.715909
1400	0.7142049
1401	0.7121316
1402	0.7096827
1403	0.7068495
1404	0.7036228
1405	0.6999906
1406	0.6959689
1407	0.6915273
1408	0.6866445
1409	0.6813025
1410	0.6754815
1411	0.6691618
1412	0.6623192
1413	0.6549306
1414	0.646968
1415	0.638405
1416	0.6291482
1417	0.6192045
1418	0.6085518
1419	0.5971571
1420	0.5849813
1421	0.5720748
1422	0.5583455
1423	0.54374
1424	0.5282216
1425	0.5117554
1426	0.4943156
1427	0.4758736
1428	0.456416
1429	0.43593
1430	0.4144232
1431	0.3919089
1432	0.3684282
1433	0.3440339
1434	0.3188154
1435	0.292881
1436	0.2663843
1437	0.2395049
1438	0.2124742
1439	0.1855534
1440	0.1590569
1441	0.1333281
1442	0.1087437
1443	0.0857121
1444	0.0646427
1445	0.0459509
1446	0.0300227
1447	0.0172114
1448	0.0078062
1449	0.0020268
1450	2.1e-06
1451	0.001768
1452	0.0072632
1453	0.0163326
1454	0.0287411
1455	0.0441804
1456	0.0622579
1457	0.0826043
1458	0.1048209
1459	0.1285114
1460	0.1532848
1461	0.1787204
1462	0.2045334
1463	0.2304584
1464	0.2562422
1465	0.2816815
1466	0.3067092
1467	0.3311046
1468	0.3547272
1469	0.377503
1470	0.3993722
1471	0.420303
1472	0.4402797
1473	0.4592944
1474	0.4773582
1475	0.4944831
1476	0.5105958
1477	0.5258067
1478	0.540175
1479	0.5537296
1480	0.5665063
1481	0.5785361
1482	0.589855
1483	0.6004935
1484	0.6104863
1485	0.6198623
1486	0.6287067
1487	0.6369982
1488	0.6447514
1489	0.6519931
1490	0.6587464
1491	0.6649987
1492	0.6708043
1493	0.6761944
1494	0.6811859
1495	0.6857971
1496	0.6900426
1497	0.6939378
1498	0.697495
1499	0.7007273
1500	0.7036449
1501	0.7062728
1502	0.7086044
1503	0.7106442
1504	0.7123998
1505	0.7138771
1506	0.7150771
1507	0.7160118
1508	0.7166868
1509	0.717105
1510	0.7172687
1511	0.7171794
1512	0.7168378
1513	0.7162441
1514	0.7153974
1515	0.7142965
1516	0.7129428
1517	0.7113321
1518	0.7094601
1519	0.7073223
1520	0.7049141
1521	0.7022167
1522	0.699231
1523	0.695952
1524	0.6923723
1525	0.6884821
1526	0.6842978
1527	0.6797929
1528	0.6749513
1529	0.6697598
1530	0.6642065
1531	0.6582764
1532	0.651956
1533	0.6452283
1534	0.6380781
1535	0.6304873
1536	0.6224075
1537	0.6138397
1538	0.6047689
1539	0.5951766
1540	0.5850397
1541	0.5743388
1542	0.5630501
1543	0.5511546
1544	0.5386287
1545	0.525455
1546	0.5117111
1547	0.4973189
1548	0.4822375
1549	0.466459
1550	0.4499745
1551	0.432656
1552	0.4145927
1553	0.3958218
1554	0.3763674
1555	0.3562562
1556	0.335535
1557	0.314256
1558	0.2924956
1559	0.270338
1560	0.2478953
1561	0.2254475
1562	0.2030272
1563	0.1807535
1564	0.1588134
1565	0.1374047
1566	0.1167406
1567	0.0970532
1568	0.0785733
1569	0.0615418
1570	0.0461877
1571	0.0326483
1572	0.0212233
1573	0.012121
1574	0.0054859
1575	0.0014257
1576	2.5e-06
1577	0.0011897
1578	0.0049516
1579	0.011212
1580	0.0198556
1581	0.0307279
1582	0.0436473
1583	0.05841
1584	0.0747916
1585	0.0925659
1586	0.1116337
1587	0.1316822
1588	0.1524507
1589	0.1737327
1590	0.1953293
1591	0.216918
1592	0.2384523
1593	0.2598409
1594	0.2809642
1595	0.3017297
1596	0.3220523
1597	0.3418694
1598	0.3611316
1599	0.3797958
1600	0.3978379
1601	0.415235
1602	0.4319801
1603	0.4480654
1604	0.4634959
1605	0.4782743
1606	0.4924138
1607	0.5059239
1608	0.5188228
1609	0.5311243
1610	0.5428493
1611	0.5540138
1612	0.5646386
1613	0.5747443
1614	0.5843482
1615	0.5934717
1616	0.6021317
1617	0.6103487
1618	0.6181387
1619	0.625521
1620	0.6325104
1621	0.6391245
1622	0.6453772
1623	0.6512844
1624	0.6568585
1625	0.662114
1626	0.6670621
1627	0.6717155
1628	0.6760842
1629	0.6801793
1630	0.6840107
1631	0.6875867
1632	0.6909167
1633	0.6940079
1634	0.6968682
1635	0.6995039
1636	0.7019073
1637	0.704098
1638	0.7060857
1639	0.7078747
1640	0.7094698
1641	0.710882
1642	0.7121065
1643	0.7131438
1644	0.7139971
1645	0.7146686
1646	0.7151603
1647	0.7154739
1648	0.7156106
1649	0.7155714
1650	0.7153569
1651	0.7149729
1652	0.714418
1653	0.7136905
1654	0.71279
1655	0.7117149
1656	0.7104522
1657	0.7090057
1658	0.7073763
1659	0.7055614
1660	0.703558
1661	0.7013824
1662	0.6990194
1663	0.6964614
1664	0.6937037
1665	0.6907424
1666	0.6875477
1667	0.6841298
1668	0.6804879
1669	0.6766165
1670	0.6725083
1671	0.6681855
1672	0.6636219
1673	0.6588042
1674	0.6537231
1675	0.6483713
1676	0.6426982
1677	0.6367201
1678	0.6304384
1679	0.6238413
1680	0.6169196
1681	0.6097189
1682	0.602192
1683	0.5943121
1684	0.5860695
1685	0.5774508
1686	0.568374
1687	0.5588725
1688	0.548954
1689	0.5386047
1690	0.5278157
1691	0.5166642
1692	0.5050804
1693	0.493037
1694	0.4805239
1695	0.4675382
1696	0.454073
1697	0.4401297
1698	0.4257061
1699	0.4108094
1700	0.3954438
1701	0.3796243
1702	0.3633638
1703	0.3466872
1704	0.3296182
1705	0.3121943
1706	0.2943149
1707	0.2761266
1708	0.2577258
1709	0.2391755
1710	0.220556
1711	0.2020919
1712	0.1837719
1713	0.1656571
1714	0.1478605
1715	0.1304948
1716	0.1136864
1717	0.0975594
1718	0.0822479
1719	0.0678801
1720	0.0545892
1721	0.0424984
1722	0.0317296
1723	0.0223911
1724	0.0145798
1725	0.0083802
1726	0.0038566
1727	0.0010571
1728	8.2e-06
1729	0.0007162
1730	0.0031666
1731	0.0073238
1732	0.0131342
1733	0.0205243
1734	0.029408
1735	0.039682
1736	0.0512368
1737	0.0639499
1738	0.0776975
1739	0.0923534
1740	0.1077862
1741	0.1238732
1742	0.1404884
1743	0.1575185
1744	0.1748492
1745	0.1923814
1746	0.2100163
1747	0.2276717
1748	0.2452658
1749	0.2627335
1750	0.2800102
1751	0.2970469
1752	0.3137948
1753	0.3302176
1754	0.3462854
1755	0.361969
1756	0.3772517
1757	0.3921146
1758	0.4065497
1759	0.4205466
1760	0.434104
1761	0.4472178
1762	0.459892
1763	0.4721271
1764	0.4839306
1765	0.4953065
1766	0.5062648
1767	0.5168116
1768	0.5269585
1769	0.5367132
1770	0.5460871
1771	0.555024
1772	0.5635897
1773	0.571814
1774	0.5797056
1775	0.5872766
1776	0.5945902
1777	0.6016119
1778	0.608336
1779	0.6147737
1780	0.6209334
1781	0.6268256
1782	0.6324581
1783	0.6378409
1784	0.6429811
1785	0.6478873
1786	0.6525678
1787	0.657029
1788	0.6612788
1789	0.6653232
1790	0.6691694
1791	0.6727964
1792	0.6762339
1793	0.6794933
1794	0.6825807
1795	0.6855
1796	0.6882761
1797	0.6908952
1798	0.6933569
1799	0.6956646
1800	0.6978224
1801	0.6998338
1802	0.7017018
1803	0.7034298
1804	0.7050203
1805	0.7064762
1806	0.7077996
1807	0.7089931
1808	0.7100584
1809	0.7109977
1810	0.7118124
1811	0.7125013
1812	0.7130699
1813	0.7135205
1814	0.7138539
1815	0.7140711
1816	0.7141709
1817	0.7141529
1818	0.7140179
1819	0.7137659
1820	0.7133971
1821	0.7129181
1822	0.7123257
1823	0.7116182
1824	0.710795
1825	0.7098555
1826	0.7087874
1827	0.7075962
1828	0.7062832
1829	0.7048474
1830	0.703287
1831	0.701609
1832	0.6998066
1833	0.6978757
1834	0.6958147
1835	0.693621
1836	0.6912926
1837	0.6888266
1838	0.6862209
1839	0.683472
1840	0.6805776
1841	0.6775197
1842	0.6743048
1843	0.6709319
1844	0.6673982
1845	0.6636988
1846	0.6598657
1847	0.6558712
1848	0.651702
1849	0.6473545
1850	0.6428233
1851	0.6380614
1852	0.6330914
1853	0.6279192
1854	0.6225384
1855	0.6169444
1856	0.6111822
1857	0.6052126
1858	0.5990159
1859	0.5925877
1860	0.5859205
1861	0.5789477
1862	0.5717032
1863	0.5641975
1864	0.5564235
1865	0.5483741
1866	0.5401187
1867	0.5316001
1868	0.5227967
1869	0.5137016
1870	0.5043119
1871	0.4946213
1872	0.4846282
1873	0.474327
1874	0.4637178
1875	0.4527965
1876	0.4414653
1877	0.429791
1878	0.4178023
1879	0.4055013
1880	0.3928916
1881	0.3800959
1882	0.3670412
1883	0.3537136
1884	0.3401237
1885	0.3262903
1886	0.3121054
1887	0.2976828
1888	0.2830755
1889	0.2683161
1890	0.2534341
1891	0.2385989
1892	0.2237513
1893	0.2089054
1894	0.1941065
1895	0.1794034
1896	0.1648536
1897	0.1505113
1898	0.1364403
1899	0.1227006
1900	0.1093608
1901	0.0963752
1902	0.0839085
1903	0.072057
1904	0.0608936
1905	0.0504844
1906	0.0409769
1907	0.0323559
1908	0.024655
1909	0.0179292
1910	0.0122224
1911	0.0075377
1912	0.0039552
1913	0.00151
1914	0.0002185
1915	8.65e-05
1916	0.0010975
1917	0.0032289
1918	0.0064607
1919	0.0107656
1920	0.0161081
1921	0.0224475
1922	0.0297327
1923	0.0379115
1924	0.046926
1925	0.0567146
1926	0.0673101
1927	0.0785834
1928	0.0904462
1929	0.10283
1930	0.1156696
1931	0.1287782
1932	0.1421748
1933	0.1558275
1934	0.1696824
1935	0.1836795
1936	0.1977711
1937	0.2119102
1938	0.2260563
1939	0.2401634
1940	0.2541982
1941	0.2682479
1942	0.2821901
1943	0.2959705
1944	0.3095593
1945	0.3229388
1946	0.3359797
1947	0.3487582
1948	0.3612846
1949	0.3735517
1950	0.3855514
1951	0.3973099
1952	0.4087933
1953	0.419993
1954	0.4309074
1955	0.4415379
1956	0.4519153
1957	0.4620146
1958	0.471829
1959	0.4813611
1960	0.4906164
1961	0.499542
1962	0.5081874
1963	0.5165708
1964	0.5246991
1965	0.5325735
1966	0.5402012
1967	0.5475877
1968	0.5547399
1969	0.5616602
1970	0.5683558
1971	0.5748866
1972	0.5812132
1973	0.5873285
1974	0.5932355
1975	0.5989409
1976	0.6044047
1977	0.6096712
1978	0.6147549
1979	0.6196618
1980	0.6243967
1981	0.6289652
1982	0.63337
1983	0.6376164
1984	0.6417086
1985	0.6456518
1986	0.6494791
1987	0.6531693
1988	0.6567181
1989	0.6601291
1990	0.6634068
1991	0.6665278
1992	0.6695175
1993	0.6723857
1994	0.6751358
1995	0.6777695
1996	0.6802901
1997	0.6827003
1998	0.6850029
1999	0.6871994
2000	0.6892926
2001	0.6912539
2002	0.6931127
2003	0.6948782
2004	0.6965525
2005	0.6981373
2006	0.6996342
2007	0.7010451
2008	0.7023707
2009	0.7036127
2010	0.7047724
2011	0.7058512
2012	0.7068497
2013	0.7077693
2014	0.7086109
2015	0.7093756
2016	0.710064
2017	0.7106769
2018	0.7112152
2019	0.7116794
2020	0.7120702
2021	0.712388
2022	0.7126333
2023	0.7128066
2024	0.7129083
2025	0.7129384
2026	0.7128975
2027	0.7127855
2028	0.7126026
2029	0.712349
2030	0.7120246
2031	0.7116293
2032	0.711163
2033	0.7106257
2034	0.7100171
2035	0.709337
2036	0.7085849
2037	0.7077605
2038	0.7068635
2039	0.7058933
2040	0.7048495
2041	0.7037311
2042	0.702538
2043	0.7012693
2044	0.6999242
2045	0.6985015
2046	0.6970011
2047	0.6954216
2048	0.6937622
2049	0.6920214
2050	0.6901988
2051	0.6882929
2052	0.6863025
2053	0.6842264
2054	0.6820626
2055	0.6798108
2056	0.6774691
2057	0.6750359
2058	0.672509
2059	0.669888
2060	0.6671706
2061	0.664355
2062	0.6614387
2063	0.6584212
2064	0.6552999
2065	0.6520727
2066	0.6487376
2067	0.6452916
2068	0.6417341
2069	0.6380621
2070	0.6342732
2071	0.6303642
2072	0.6263345
2073	0.6221806
2074	0.6179
2075	0.6134891
2076	0.6089474
2077	0.6042711
2078	0.5994576
2079	0.5945029
2080	0.5894065
2081	0.5841646
2082	0.5787743
2083	0.5732328
2084	0.567536
2085	0.5616837
2086	0.5556718
2087	0.5494977
2088	0.543157
2089	0.5366502
2090	0.5299731
2091	0.5231234
2092	0.516097
2093	0.508895
2094	0.5015136
2095	0.4939511
2096	0.4862039
2097	0.4782741
2098	0.4701587
2099	0.4618569
2100	0.4533682
2101	0.4446902
2102	0.4358272
2103	0.4267779
2104	0.4175435
2105	0.4081233
2106	0.3985241
2107	0.3887465
2108	0.3787942
2109	0.3686691
2110	0.3583811
2111	0.3479338
2112	0.3373342
2113	0.32659
2114	0.3157077
2115	0.3047022
2116	0.2935821
2117	0.2823598
2118	0.271046
2119	0.2596608
2120	0.2482176
2121	0.2367339
2122	0.2252257
2123	0.2137183
2124	0.2022307
2125	0.1907855
2126	0.1794043
2127	0.1681176
2128	0.1569493
2129	0.1459271
2130	0.1350797
2131	0.1244342
2132	0.1140258
2133	0.103883
2134	0.0940372
2135	0.0845179
2136	0.075361
2137	0.066596
2138	0.0582537
2139	0.0503628
2140	0.0429564
2141	0.0360608
2142	0.0297028
2143	0.0239064
2144	0.0186972
2145	0.014095
2146	0.0101182
2147	0.006783
2148	0.004102
2149	0.0020869
2150	0.0007444
2151	7.87e-05
2152	9.11e-05
2153	0.0007796
2154	0.0021392
2155	0.0041618
2156	0.0068371
2157	0.01015
2158	0.0140846
2159	0.018622
2160	0.023741
2161	0.0294198
2162	0.0356308
2163	0.0423486
2164	0.0495455
2165	0.0571942
2166	0.0652617
2167	0.0737192
2168	0.0825364
2169	0.0916845
2170	0.1011289
2171	0.1108413
2172	0.1207921
2173	0.1309543
2174	0.141295
2175	0.1517891
2176	0.1624102
2177	0.1731328
2178	0.1839353
2179	0.1947898
2180	0.2056769
2181	0.2165763
2182	0.2274713
2183	0.2383389
2184	0.2491651
2185	0.2599344
2186	0.2706352
2187	0.2812496
2188	0.2917682
2189	0.3021804
2190	0.3124787
2191	0.3226499
2192	0.3326885
2193	0.3425879
2194	0.352342
2195	0.3619479
2196	0.3713968
2197	0.3806872
2198	0.3898161
2199	0.398783
2200	0.4075819
2201	0.4162136
2202	0.424677
2203	0.4329735
2204	0.4410993
2205	0.4490565
2206	0.4568456
2207	0.4644675
2208	0.471925
2209	0.479216
2210	0.4863437
2211	0.4933099
2212	0.5001179
2213	0.5067666
2214	0.5132598
2215	0.5195996
2216	0.5257898
2217	0.5318299
2218	0.5377238
2219	0.5434739
2220	0.549084
2221	0.5545542
2222	0.5598881
2223	0.5650884
2224	0.5701577
2225	0.5750996
2226	0.5799144
2227	0.5846056
2228	0.589176
2229	0.5936288
2230	0.5979645
2231	0.6021865
2232	0.6062973
2233	0.6102999
2234	0.6141949
2235	0.6179855
2236	0.6216738
2237	0.6252629
2238	0.6287531
2239	0.6321474
2240	0.6354477
2241	0.6386561
2242	0.6417752
2243	0.6448054
2244	0.6477493
2245	0.6506086
2246	0.6533858
2247	0.6560811
2248	0.658697
2249	0.6612349
2250	0.6636971
2251	0.6660838
2252	0.6683971
2253	0.6706384
2254	0.6728091
2255	0.674911
2256	0.6769444
2257	0.678911
2258	0.6808121
2259	0.6826492
2260	0.6844227
2261	0.6861339
2262	0.6877841
2263	0.6893745
2264	0.6909055
2265	0.6923782
2266	0.6937938
2267	0.6951532
2268	0.6964568
2269	0.6977056
2270	0.6989006
2271	0.7000423
2272	0.7011318
2273	0.7021692
2274	0.7031555
2275	0.7040914
2276	0.7049775
2277	0.7058141
2278	0.7066019
2279	0.7073415
2280	0.7080334
2281	0.7086779
2282	0.7092755
2283	0.7098267
2284	0.710332
2285	0.7107915
2286	0.7112056
2287	0.7115748
2288	0.7118992
2289	0.7121792
2290	0.712415
2291	0.7126069
2292	0.712755
2293	0.7128595
2294	0.7129206
2295	0.7129385
2296	0.7129132
2297	0.7128449
2298	0.7127336
2299	0.7125795
2300	0.7123824
2301	0.7121426
2302	0.7118598
2303	0.7115342
2304	0.7111658
2305	0.7107543
2306	0.7102997
2307	0.7098021
2308	0.7092611
2309	0.7086768
2310	0.7080487
2311	0.707377
2312	0.7066614
2313	0.7059016
2314	0.7050971
2315	0.7042482
2316	0.7033543
2317	0.7024151
2318	0.7014303
2319	0.7003994
2320	0.6993224
2321	0.6981988
2322	0.6970281
2323	0.6958096
2324	0.6945435
2325	0.6932289
2326	0.6918655
2327	0.6904524
2328	0.6889897
2329	0.6874766
2330	0.6859124
2331	0.6842962
2332	0.6826282
2333	0.6809074
2334	0.679133
2335	0.6773045
2336	0.6754207
2337	0.6734817
2338	0.6714863
2339	0.6694339
2340	0.6673232
2341	0.6651542
2342	0.6629257
2343	0.6606369
2344	0.6582863
2345	0.6558741
2346	0.6533988
2347	0.6508596
2348	0.6482555
2349	0.6455849
2350	0.6428479
2351	0.640043
2352	0.6371691
2353	0.6342245
2354	0.6312095
2355	0.6281222
2356	0.6249616
2357	0.6217257
2358	0.618415
2359	0.6150274
2360	0.6115618
2361	0.6080162
2362	0.604391
2363	0.6006842
2364	0.5968944
2365	0.5930205
2366	0.5890603
2367	0.5850144
2368	0.5808805
2369	0.5766574
2370	0.5723428
2371	0.5679375
2372	0.5634392
2373	0.5588467
2374	0.5541575
2375	0.5493727
2376	0.54449
2377	0.5395082
2378	0.5344249
2379	0.5292413
2380	0.5239553
2381	0.5185657
2382	0.5130715
2383	0.5074706
2384	0.5017645
2385	0.4959512
2386	0.4900299
2387	0.4839986
2388	0.4778594
2389	0.4716104
2390	0.4652513
2391	0.4587803
2392	0.4522002
2393	0.4455096
2394	0.4387085
2395	0.4317973
2396	0.4247749
2397	0.4176449
2398	0.4104067
2399	0.4030614
2400	0.3956084
2401	0.3880526
2402	0.3803942
2403	0.372635
2404	0.3647755
2405	0.356822
2406	0.3487754
2407	0.340639
2408	0.3324145
2409	0.3241093
2410	0.315726
2411	0.3072691
2412	0.2987436
2413	0.2901531
2414	0.2815071
2415	0.2728102
2416	0.2640689
2417	0.2552884
2418	0.2464804
2419	0.2376509
2420	0.2288084
2421	0.21996
2422	0.2111191
2423	0.2022937
2424	0.1934942
2425	0.1847294
2426	0.1760146
2427	0.1673596
2428	0.1587763
2429	0.1502773
2430	0.1418736
2431	0.133582
2432	0.1254142
2433	0.1173839
2434	0.1095031
2435	0.1017896
2436	0.0942557
2437	0.0869156
2438	0.0797821
2439	0.0728725
2440	0.0661993
2441	0.0597764
2442	0.0536175
2443	0.0477346
2444	0.0421433
2445	0.0368548
2446	0.031881
2447	0.0272325
2448	0.0229219
2449	0.0189584
2450	0.0153511
2451	0.0121079
2452	0.0092378
2453	0.0067466
2454	0.0046402
2455	0.0029227
2456	0.0015986
2457	0.0006702
2458	0.000139
2459	5.3e-06
2460	0.0002688
2461	0.0009276
2462	0.0019791
2463	0.0034193
2464	0.0052441
2465	0.0074468
2466	0.0100212
2467	0.0129596
2468	0.0162544
2469	0.0198949
2470	0.0238719
2471	0.0281748
2472	0.0327934
2473	0.0377139
2474	0.042925
2475	0.0484142
2476	0.0541684
2477	0.0601758
2478	0.0664202
2479	0.0728892
2480	0.0795692
2481	0.0864479
2482	0.0935087
2483	0.1007392
2484	0.1081261
2485	0.1156577
2486	0.1233174
2487	0.1310941
2488	0.1389752
2489	0.1469482
2490	0.1550033
2491	0.163125
2492	0.1713041
2493	0.1795298
2494	0.1877935
2495	0.1960816
2496	0.2043863
2497	0.2126987
2498	0.221012
2499	0.2293141
2500	0.2375993
2501	0.2458601
2502	0.2540916
2503	0.2622834
2504	0.2704315
2505	0.2785301
2506	0.286574
2507	0.29456
2508	0.3024799
2509	0.3103315
2510	0.3181109
2511	0.3258163
2512	0.3334409
2513	0.3409838
2514	0.3484421
2515	0.3558154
2516	0.3630981
2517	0.37029
2518	0.3773897
2519	0.3843972
2520	0.3913083
2521	0.3981235
2522	0.404842
2523	0.4114633
2524	0.4179883
2525	0.4244137
2526	0.4307409
2527	0.4369698
2528	0.4431019
2529	0.4491346
2530	0.4550696
2531	0.4609072
2532	0.4666492
2533	0.4722936
2534	0.4778423
2535	0.4832961
2536	0.4886556
2537	0.4939229
2538	0.4990964
2539	0.5041782
2540	0.5091693
2541	0.5140718
2542	0.5188845
2543	0.5236094
2544	0.5282477
2545	0.5328015
2546	0.5372698
2547	0.5416547
2548	0.5459574
2549	0.5501799
2550	0.5543215
2551	0.5583842
2552	0.5623693
2553	0.5662778
2554	0.5701118
2555	0.5738705
2556	0.5775562
2557	0.5811697
2558	0.5847132
2559	0.588186
2560	0.5915901
2561	0.5949265
2562	0.5981971
2563	0.6014015
2564	0.6045414
2565	0.6076179
2566	0.6106327
2567	0.6135853
2568	0.6164776
2569	0.6193105
2570	0.6220849
2571	0.6248024
2572	0.6274627
2573	0.6300674
2574	0.6326173
2575	0.6351139
2576	0.6375569
2577	0.6399477
2578	0.6422872
2579	0.6445768
2580	0.6468161
2581	0.6490065
2582	0.6511488
2583	0.6532437
2584	0.6552925
2585	0.6572948
2586	0.659252
2587	0.6611646
2588	0.6630339
2589	0.6648595
2590	0.6666426
2591	0.6683839
2592	0.6700842
2593	0.6717436
2594	0.6733628
2595	0.6749426
2596	0.6764838
2597	0.6779862
2598	0.6794509
2599	0.6808782
2600	0.6822687
2601	0.6836232
2602	0.6849416
2603	0.6862247
2604	0.6874728
2605	0.6886868
2606	0.6898665
2607	0.6910126
2608	0.6921256
2609	0.6932061
2610	0.6942539
2611	0.6952697
2612	0.6962539
2613	0.6972071
2614	0.6981291
2615	0.6990205
2616	0.6998817
2617	0.7007129
2618	0.7015147
2619	0.7022869
2620	0.7030302
2621	0.7037446
2622	0.7044307
2623	0.7050884
2624	0.7057181
2625	0.7063201
2626	0.7068946
2627	0.7074418
2628	0.7079618
2629	0.708455
2630	0.7089216
2631	0.7093617
2632	0.7097755
2633	0.7101631
2634	0.7105248
2635	0.7108607
2636	0.711171
2637	0.7114557
2638	0.7117151
2639	0.7119493
2640	0.7121583
2641	0.7123423
2642	0.7125015
2643	0.7126358
2644	0.7127455
2645	0.7128305
2646	0.712891
2647	0.712927
2648	0.7129386
2649	0.7129259
2650	0.7128889
2651	0.7128277
2652	0.7127422
2653	0.7126326
2654	0.7124988
2655	0.7123409
2656	0.7121589
2657	0.7119527
2658	0.7117225
2659	0.7114681
2660	0.7111896
2661	0.7108869
2662	0.7105601
2663	0.7102091
2664	0.7098338
2665	0.7094342
2666	0.7090103
2667	0.7085619
2668	0.7080892
2669	0.7075918
2670	0.7070698
2671	0.7065232
2672	0.7059518
2673	0.7053554
2674	0.7047342
2675	0.7040879
2676	0.7034164
2677	0.7027195
2678	0.7019971
2679	0.7012493
2680	0.7004757
2681	0.6996764
2682	0.6988508
2683	0.6979992
2684	0.6971213
2685	0.696217
2686	0.6952857
2687	0.6943279
2688	0.693343
2689	0.6923308
2690	0.691291
2691	0.6902238
2692	0.6891287
2693	0.6880056
2694	0.6868541
2695	0.6856739
2696	0.6844652
2697	0.6832274
2698	0.6819604
2699	0.6806635
2700	0.6793372
2701	0.6779807
2702	0.676594
2703	0.6751763
2704	0.6737279
2705	0.6722484
2706	0.6707373
2707	0.669194
2708	0.6676189
2709	0.6660114
2710	0.664371
2711	0.6626975
2712	0.66099
2713	0.6592491
2714	0.657474
2715	0.6556644
2716	0.6538193
2717	0.6519393
2718	0.6500237
2719	0.6480719
2720	0.6460832
2721	0.644058
2722	0.6419955
2723	0.6398953
2724	0.637757
2725	0.6355795
2726	0.6333636
2727	0.6311081
2728	0.6288128
2729	0.6264767
2730	0.6241002
2731	0.6216825
2732	0.619223
2733	0.6167208
2734	0.6141764
2735	0.6115889
2736	0.6089578
2737	0.6062819
2738	0.603562
2739	0.6007969
2740	0.5979863
2741	0.5951295
2742	0.5922255
2743	0.589275
2744	0.5862768
2745	0.5832305
2746	0.5801349
2747	0.5769908
2748	0.5737971
2749	0.5705531
2750	0.5672578
2751	0.563912
2752	0.5605146
2753	0.5570649
2754	0.5535618
2755	0.5500064
2756	0.5463973
2757	0.5427341
2758	0.5390164
2759	0.5352428
2760	0.5314145
2761	0.5275304
2762	0.5235899
2763	0.5195918
2764	0.5155374
2765	0.5114255
2766	0.5072557
2767	0.5030268
2768	0.4987403
2769	0.4943949
2770	0.4899903
2771	0.4855265
2772	0.4810019
2773	0.4764186
2774	0.4717753
2775	0.4670719
2776	0.4623072
2777	0.4574833
2778	0.4525991
2779	0.4476547
2780	0.4426488
2781	0.437584
2782	0.4324592
2783	0.4272747
2784	0.4220295
2785	0.4167262
2786	0.4113642
2787	0.4059438
2788	0.4004656
2789	0.3949288
2790	0.3893366
2791	0.3836885
2792	0.3779852
2793	0.3722263
2794	0.3664155
2795	0.3605524
2796	0.3546381
2797	0.3486726
2798	0.3426599
2799	0.3366001
2800	0.3304946
2801	0.3243451
2802	0.318152
2803	0.3119199
2804	0.3056494
2805	0.2993426
2806	0.2930002
2807	0.2866275
2808	0.2802255
2809	0.2737967
2810	0.2673425
2811	0.2608686
2812	0.2543765
2813	0.2478693
2814	0.2413489
2815	0.2348215
2816	0.2282893
2817	0.2217559
2818	0.215225
2819	0.2086992
2820	0.2021855
2821	0.1956867
2822	0.1892069
2823	0.1827493
2824	0.1763214
2825	0.1699264
2826	0.1635692
2827	0.1572532
2828	0.1509864
2829	0.1447724
2830	0.1386166
2831	0.1325228
2832	0.1264993
2833	0.1205501
2834	0.1146808
2835	0.1088969
2836	0.1032027
2837	0.0976066
2838	0.0921129
2839	0.0867273
2840	0.0814542
2841	0.0763017
2842	0.0712741
2843	0.0663772
2844	0.0616153
2845	0.056996
2846	0.0525236
2847	0.0482032
2848	0.0440401
2849	0.0400383
2850	0.0362045
2851	0.0325424
2852	0.0290566
2853	0.0257505
2854	0.0226299
2855	0.0196978
2856	0.0169579
2857	0.0144131
2858	0.0120676
2859	0.0099239
2860	0.0079844
2861	0.0062513
2862	0.0047273
2863	0.0034138
2864	0.0023122
2865	0.0014238
2866	0.0007493
2867	0.0002894
2868	4.42e-05
2869	1.37e-05
2870	0.0001975
2871	0.0005948
2872	0.0012046
2873	0.0020256
2874	0.0030563
2875	0.0042945
2876	0.0057381
2877	0.0073847
2878	0.0092319
2879	0.0112759
2880	0.0135139
2881	0.0159424
2882	0.0185575
2883	0.0213562
2884	0.024333
2885	0.0274842
2886	0.0308054
2887	0.0342926
2888	0.0379396
2889	0.0417423
2890	0.0456955
2891	0.0497952
2892	0.0540343
2893	0.0584084
2894	0.0629122
2895	0.0675402
2896	0.0722883
2897	0.0771487
2898	0.0821171
2899	0.0871881
2900	0.0923575
2901	0.0976174
2902	0.1029638
2903	0.1083912
2904	0.1138958
2905	0.1194698
2906	0.1251093
2907	0.1308093
2908	0.1365662
2909	0.1423726
2910	0.1482248
2911	0.1541184
2912	0.1600487
2913	0.1660127
2914	0.1720034
2915	0.1780179
2916	0.1840521
2917	0.1901035
2918	0.1961655
2919	0.2022357
2920	0.2083107
2921	0.2143883
2922	0.2204624
2923	0.2265313
2924	0.2325918
2925	0.2386425
2926	0.2446777
2927	0.2506962
2928	0.2566954
2929	0.2626727
2930	0.2686273
2931	0.2745543
2932	0.2804528
2933	0.2863208
2934	0.2921579
2935	0.2979596
2936	0.3037256
2937	0.3094542
2938	0.3151453
2939	0.3207948
2940	0.3264029
2941	0.3319683
2942	0.3374899
2943	0.3429679
2944	0.3483988
2945	0.3537831
2946	0.3591198
2947	0.3644095
2948	0.3696491
2949	0.3748392
2950	0.3799793
2951	0.38507
2952	0.3901085
2953	0.3950958
2954	0.4000315
2955	0.4049163
2956	0.409748
2957	0.4145274
2958	0.4192543
2959	0.4239288
2960	0.4285518
2961	0.4331212
2962	0.437638
2963	0.4421024
2964	0.4465154
2965	0.4508751
2966	0.4551827
2967	0.4594383
2968	0.4636431
2969	0.4677954
2970	0.4718964
2971	0.4759463
2972	0.4799464
2973	0.4838951
2974	0.4877936
2975	0.4916423
2976	0.4954415
2977	0.4991924
2978	0.5028936
2979	0.5065465
2980	0.5101513
2981	0.5137093
2982	0.5172192
2983	0.5206824
2984	0.5240991
2985	0.5274706
2986	0.5307958
2987	0.5340758
2988	0.5373112
2989	0.5405023
2990	0.5436503
2991	0.5467543
2992	0.5498153
2993	0.5528338
2994	0.555811
2995	0.5587459
2996	0.5616397
2997	0.5644928
2998	0.5673063
2999	0.5700794
3000	0.5728131
3001	0.5755079
3002	0.5781648
3003	0.5807831
3004	0.5833638
3005	0.5859073
3006	0.5884141
3007	0.5908851
3008	0.5933197
3009	0.5957188
3010	0.5980829
3011	0.6004129
3012	0.6027081
3013	0.6049695
3014	0.6071975
3015	0.609393
3016	0.6115553
3017	0.6136855
3018	0.6157837
3019	0.617851
3020	0.6198867
3021	0.6218917
3022	0.6238664
3023	0.6258111
3024	0.6277265
3025	0.6296123
3026	0.6314691
3027	0.6332974
3028	0.6350978
3029	0.63687
3030	0.6386145
3031	0.6403318
3032	0.6420226
3033	0.6436864
3034	0.6453239
3035	0.6469354
3036	0.6485212
3037	0.650082
3038	0.6516174
3039	0.653128
3040	0.6546141
3041	0.6560763
3042	0.6575142
3043	0.6589284
3044	0.6603192
3045	0.6616872
3046	0.663032
3047	0.6643541
3048	0.6656539
3049	0.6669319
3050	0.6681877
3051	0.6694218
3052	0.6706345
3053	0.6718261
3054	0.6729969
3055	0.6741468
3056	0.6752762
3057	0.6763852
3058	0.6774745
3059	0.6785436
3060	0.679593
3061	0.680623
3062	0.681634
3063	0.6826256
3064	0.6835983
3065	0.6845524
3066	0.6854881
3067	0.6864053
3068	0.6873043
3069	0.6881854
3070	0.6890486
3071	0.6898944
3072	0.6907224
3073	0.6915332
3074	0.6923268
3075	0.6931035
3076	0.6938632
3077	0.6946062
3078	0.6953325
3079	0.6960427
3080	0.6967363
3081	0.6974138
3082	0.6980753
3083	0.6987208
3084	0.6993508
3085	0.6999649
3086	0.7005635
3087	0.7011467
3088	0.7017148
3089	0.7022675
3090	0.7028052
3091	0.7033279
3092	0.7038359
3093	0.704329
3094	0.7048074
3095	0.7052713
3096	0.7057209
3097	0.706156
3098	0.7065768
3099	0.7069834
3100	0.707376
3101	0.7077546
3102	0.7081192
3103	0.7084699
3104	0.7088069
3105	0.7091303
3106	0.7094399
3107	0.709736
3108	0.7100186
3109	0.7102879
3110	0.7105437
3111	0.7107862
3112	0.7110155
3113	0.7112317
3114	0.7114347
3115	0.7116247
3116	0.7118016
3117	0.7119656
3118	0.7121166
3119	0.7122548
3120	0.7123802
3121	0.7124927
3122	0.7125926
3123	0.7126797
3124	0.7127541
3125	0.712816
3126	0.7128652
3127	0.7129018
3128	0.7129259
3129	0.7129375
3130	0.7129366
3131	0.7129232
3132	0.7128974
3133	0.7128592
3134	0.7128086
3135	0.7127455
3136	0.7126701
3137	0.7125824
3138	0.7124823
3139	0.7123698
3140	0.7122451
3141	0.712108
3142	0.7119586
3143	0.7117968
3144	0.7116228
3145	0.7114365
3146	0.7112378
3147	0.7110269
3148	0.7108035
3149	0.7105679
3150	0.7103199
3151	0.7100596
3152	0.7097869
3153	0.7095018
3154	0.7092044
3155	0.7088945
3156	0.7085722
3157	0.7082375
3158	0.7078903
3159	0.7075307
3160	0.7071584
3161	0.7067737
3162	0.7063765
3163	0.7059666
3164	0.7055441
3165	0.7051089
3166	0.704661
3167	0.7042005
3168	0.7037272
3169	0.7032409
3170	0.7027419
3171	0.7022301
3172	0.7017053
3173	0.7011674
3174	0.7006167
3175	0.7000528
3176	0.6994758
3177	0.6988857
3178	0.6982822
3179	0.6976656
3180	0.6970356
3181	0.6963923
3182	0.6957353
3183	0.695065
3184	0.6943811
3185	0.6936836
3186	0.6929722
3187	0.6922472
3188	0.6915083
3189	0.6907556
3190	0.6899886
3191	0.6892078
3192	0.6884129
3193	0.6876038
3194	0.6867803
3195	0.6859424
3196	0.6850901
3197	0.6842233
3198	0.6833419
3199	0.6824456
3200	0.6815347
3201	0.680609
3202	0.6796682
3203	0.6787122
3204	0.6777412
3205	0.6767549
3206	0.6757533
3207	0.674736
3208	0.6737034
3209	0.6726552
3210	0.6715911
3211	0.6705112
3212	0.669415
3213	0.6683031
3214	0.6671749
3215	0.6660304
3216	0.6648692
3217	0.6636917
3218	0.6624976
3219	0.6612867
3220	0.6600586
3221	0.6588137
3222	0.6575517
3223	0.6562725
3224	0.6549758
3225	0.6536613
3226	0.6523295
3227	0.6509799
3228	0.6496123
3229	0.6482263
3230	0.6468225
3231	0.6454004
3232	0.6439597
3233	0.6425002
3234	0.6410222
3235	0.6395253
3236	0.6380093
3237	0.6364738
3238	0.6349194
3239	0.6333454
3240	0.6317518
3241	0.6301384
3242	0.6285047
3243	0.6268512
3244	0.6251775
3245	0.6234834
3246	0.6217683
3247	0.6200328
3248	0.6182765
3249	0.6164991
3250	0.6147001
3251	0.6128802
3252	0.6110386
3253	0.6091754
3254	0.6072899
3255	0.6053827
3256	0.6034533
3257	0.6015016
3258	0.5995272
3259	0.5975298
3260	0.5955098
3261	0.5934668
3262	0.5914006
3263	0.5893105
3264	0.5871973
3265	0.5850603
3266	0.5828995
3267	0.580714
3268	0.5785048
3269	0.5762711
3270	0.5740128
3271	0.5717297
3272	0.5694212
3273	0.567088
3274	0.5647296
3275	0.5623457
3276	0.5599356
3277	0.5575003
3278	0.555039
3279	0.5525516
3280	0.5500374
3281	0.5474973
3282	0.5449305
3283	0.542337
3284	0.5397161
3285	0.5370686
3286	0.5343939
3287	0.5316918
3288	0.5289623
3289	0.5262045
3290	0.5234195
3291	0.5206065
3292	0.5177656
3293	0.5148958
3294	0.5119983
3295	0.5090724
3296	0.506118
3297	0.5031343
3298	0.5001225
3299	0.4970818
3300	0.4940122
3301	0.4909129
3302	0.4877852
3303	0.4846283
3304	0.4814421
3305	0.4782266
3306	0.4749811
3307	0.4717068
3308	0.4684032
3309	0.46507
3310	0.4617066
3311	0.4583145
3312	0.4548929
3313	0.4514417
3314	0.4479603
3315	0.4444503
3316	0.4409109
3317	0.4373421
3318	0.4337441
3319	0.430116
3320	0.4264596
3321	0.4227743
3322	0.41906
3323	0.4153162
3324	0.4115446
3325	0.4077445
3326	0.4039162
3327	0.4000589
3328	0.3961747
3329	0.3922628
3330	0.3883235
3331	0.3843563
3332	0.3803631
3333	0.3763433
3334	0.3722974
3335	0.3682255
3336	0.3641273
3337	0.3600048
3338	0.3558577
3339	0.3516862
3340	0.34749
3341	0.3432714
3342	0.3390299
3343	0.3347661
3344	0.3304795
3345	0.3261728
3346	0.3218454
3347	0.317498
3348	0.3131303
3349	0.308745
3350	0.3043418
3351	0.2999213
3352	0.2954845
3353	0.291031
3354	0.2865638
3355	0.2820826
3356	0.2775883
3357	0.2730809
3358	0.2685633
3359	0.2640356
3360	0.2594986
3361	0.2549525
3362	0.2504003
3363	0.2458421
3364	0.2412791
3365	0.2367125
3366	0.2321424
3367	0.2275721
3368	0.2230018
3369	0.2184329
3370	0.2138657
3371	0.2093035
3372	0.2047467
3373	0.2001969
3374	0.1956543
3375	0.1911225
3376	0.1866021
3377	0.1820946
3378	0.1776004
3379	0.1731234
3380	0.168664
3381	0.1642239
3382	0.1598049
3383	0.1554075
3384	0.1510356
3385	0.1466899
3386	0.1423722
3387	0.1380832
3388	0.1338268
3389	0.1296038
3390	0.125416
3391	0.1212644
3392	0.1171527
3393	0.1130819
3394	0.1090537
3395	0.1050694
3396	0.1011325
3397	0.097244
3398	0.0934059
3399	0.0896201
3400	0.0858877
3401	0.0822122
3402	0.0785947
3403	0.075037
3404	0.0715404
3405	0.0681082
3406	0.0647415
3407	0.061442
3408	0.058211
3409	0.0550517
3410	0.051965
3411	0.0489528
3412	0.0460167
3413	0.0431578
3414	0.0403791
3415	0.0376814
3416	0.0350663
3417	0.0325349
3418	0.0300896
3419	0.0277315
3420	0.0254619
3421	0.0232816
3422	0.0211929
3423	0.0191966
3424	0.0172938
3425	0.0154853
3426	0.0137729
3427	0.0121573
3428	0.0106393
3429	0.0092198
3430	0.0078994
3431	0.0066793
3432	0.0055601
3433	0.0045422
3434	0.003626
3435	0.0028124
3436	0.0021015
3437	0.0014937
3438	0.0009892
3439	0.0005882
3440	0.0002909
3441	9.72e-05
3442	7.1e-06
3443	2.05e-05
3444	0.0001372
3445	0.0003568
3446	0.0006792
3447	0.001104
3448	0.0016305
3449	0.0022582
3450	0.0029866
3451	0.0038152
3452	0.0047429
3453	0.0057689
3454	0.0068925
3455	0.008113
3456	0.0094289
3457	0.0108393
3458	0.0123432
3459	0.0139394
3460	0.0156271
3461	0.0174042
3462	0.0192699
3463	0.0212227
3464	0.0232617
3465	0.0253846
3466	0.0275902
3467	0.0298772
3468	0.0322445
3469	0.0346894
3470	0.0372107
3471	0.039807
3472	0.0424771
3473	0.0452181
3474	0.0480289
3475	0.0509077
3476	0.0538527
3477	0.056863
3478	0.0599354
3479	0.0630686
3480	0.066261
3481	0.0695114
3482	0.0728167
3483	0.0761756
3484	0.0795863
3485	0.0830479
3486	0.086557
3487	0.0901125
3488	0.0937127
3489	0.0973565
3490	0.1010406
3491	0.104764
3492	0.1085249
3493	0.1123216
3494	0.1161533
3495	0.1200165
3496	0.1239103
3497	0.1278332
3498	0.1317843
3499	0.1357602
3500	0.1397603
3501	0.1437829
3502	0.1478274
3503	0.1518904
3504	0.1559714
3505	0.1600688
3506	0.1641812
3507	0.1683082
3508	0.1724463
3509	0.1765952
3510	0.1807536
3511	0.1849211
3512	0.1890945
3513	0.1932734
3514	0.1974567
3515	0.2016442
3516	0.2058326
3517	0.2100219
3518	0.214211
3519	0.2183996
3520	0.2225849
3521	0.2267668
3522	0.2309443
3523	0.2351164
3524	0.2392831
3525	0.2434417
3526	0.2475922
3527	0.2517337
3528	0.2558663
3529	0.2599875
3530	0.2640973
3531	0.268195
3532	0.2722809
3533	0.2763523
3534	0.2804096
3535	0.2844521
3536	0.2884801
3537	0.2924911
3538	0.2964856
3539	0.300463
3540	0.3044227
3541	0.3083652
3542	0.3122882
3543	0.3161921
3544	0.3200765
3545	0.3239419
3546	0.327786
3547	0.3316095
3548	0.3354119
3549	0.3391938
3550	0.3429532
3551	0.3466906
3552	0.3504056
3553	0.3540982
3554	0.3577687
3555	0.3614154
3556	0.3650389
3557	0.3686388
3558	0.372216
3559	0.3757685
3560	0.3792971
3561	0.3828015
3562	0.3862824
3563	0.3897382
3564	0.3931694
3565	0.3965761
3566	0.3999589
3567	0.4033161
3568	0.4066485
3569	0.409956
3570	0.4132387
3571	0.416497
3572	0.4197297
3573	0.4229374
3574	0.42612
3575	0.4292784
3576	0.432411
3577	0.4355186
3578	0.4386013
3579	0.4416597
3580	0.4446925
3581	0.4477005
3582	0.4506836
3583	0.4536427
3584	0.4565763
3585	0.4594854
3586	0.4623699
3587	0.4652299
3588	0.4680661
3589	0.4708774
3590	0.4736644
3591	0.4764273
3592	0.4791667
3593	0.4818816
3594	0.4845727
3595	0.4872401
3596	0.4898844
3597	0.4925046
3598	0.4951015
3599	0.497675
3600	0.5002255
3601	0.5027535
3602	0.505258
3603	0.5077397
3604	0.5101989
3605	0.512636
3606	0.5150503
3607	0.5174424
3608	0.5198123
3609	0.5221608
3610	0.524487
3611	0.5267915
3612	0.5290745
3613	0.5313366
3614	0.533577
3615	0.5357963
3616	0.5379946
3617	0.5401721
3618	0.5423294
3619	0.5444658
3620	0.5465818
3621	0.5486775
3622	0.5507537
3623	0.5528095
3624	0.5548455
3625	0.5568618
3626	0.5588592
3627	0.5608368
3628	0.5627951
3629	0.5647345
3630	0.5666554
3631	0.5685571
3632	0.5704402
3633	0.5723049
3634	0.5741512
3635	0.5759799
3636	0.57779
3637	0.5795824
3638	0.5813569
3639	0.5831143
3640	0.5848539
3641	0.5865762
3642	0.5882813
3643	0.5899697
3644	0.5916409
3645	0.5932953
3646	0.5949332
3647	0.5965545
3648	0.5981599
3649	0.5997488
3650	0.6013215
3651	0.6028784
3652	0.6044198
3653	0.6059451
3654	0.6074549
3655	0.6089494
3656	0.6104288
3657	0.6118928
3658	0.6133418
3659	0.6147758
3660	0.6161954
3661	0.6176001
3662	0.6189902
3663	0.6203659
3664	0.6217273
3665	0.6230748
3666	0.624408
3667	0.6257273
3668	0.6270327
3669	0.6283247
3670	0.6296029
3671	0.6308676
3672	0.6321189
3673	0.6333572
3674	0.6345822
3675	0.6357941
3676	0.6369931
3677	0.6381795
3678	0.639353
3679	0.6405138
3680	0.6416622
3681	0.6427981
3682	0.6439221
3683	0.6450335
3684	0.6461329
3685	0.6472203
3686	0.648296
3687	0.6493597
3688	0.6504117
3689	0.6514521
3690	0.6524812
3691	0.6534986
3692	0.6545047
3693	0.6554996
3694	0.6564833
3695	0.6574562
3696	0.6584179
3697	0.6593686
3698	0.6603086
3699	0.6612381
3700	0.6621568
3701	0.6630649
3702	0.6639625
3703	0.66485
3704	0.6657269
3705	0.6665937
3706	0.6674502
3707	0.668297
3708	0.6691335
3709	0.6699601
3710	0.6707768
3711	0.6715839
3712	0.6723813
3713	0.673169
3714	0.6739472
3715	0.6747158
3716	0.6754753
3717	0.6762252
3718	0.6769658
3719	0.6776973
3720	0.6784197
3721	0.679133
3722	0.6798372
3723	0.6805325
3724	0.6812191
3725	0.6818966
3726	0.6825655
3727	0.6832256
3728	0.6838771
3729	0.6845202
3730	0.6851546
3731	0.6857806
3732	0.6863982
3733	0.6870075
3734	0.6876085
3735	0.6882012
3736	0.6887857
3737	0.6893622
3738	0.6899306
3739	0.6904909
3740	0.6910432
3741	0.6915877
3742	0.6921244
3743	0.6926531
3744	0.6931741
3745	0.6936873
3746	0.694193
3747	0.694691
3748	0.6951814
3749	0.6956642
3750	0.6961397
3751	0.6966076
3752	0.6970681
3753	0.6975213
3754	0.6979672
3755	0.6984058
3756	0.6988371
3757	0.6992612
3758	0.6996782
3759	0.7000882
3760	0.700491
3761	0.7008868
3762	0.7012755
3763	0.7016574
3764	0.7020323
3765	0.7024003
3766	0.7027615
3767	0.7031159
3768	0.7034634
3769	0.7038042
3770	0.7041383
3771	0.7044658
3772	0.7047865
3773	0.7051007
3774	0.7054082
3775	0.7057092
3776	0.7060037
3777	0.7062917
3778	0.7065732
3779	0.7068482
3780	0.7071169
3781	0.7073792
3782	0.7076351
3783	0.7078847
3784	0.708128
3785	0.708365
3786	0.7085957
3787	0.7088203
3788	0.7090386
3789	0.7092507
3790	0.7094567
3791	0.7096566
3792	0.7098503
3793	0.710038
3794	0.7102196
3795	0.7103951
3796	0.7105646
3797	0.7107282
3798	0.7108857
3799	0.7110373
3800	0.7111829
3801	0.7113226
3802	0.7114564
3803	0.7115843
3804	0.7117063
3805	0.7118225
3806	0.7119328
3807	0.7120373
3808	0.712136
3809	0.7122289
3810	0.7123161
3811	0.7123974
3812	0.712473
3813	0.7125429
3814	0.712607
3815	0.7126655
3816	0.7127183
3817	0.7127653
3818	0.7128067
3819	0.7128425
3820	0.7128725
3821	0.712897
3822	0.7129158
3823	0.712929
3824	0.7129366
3825	0.7129386
3826	0.712935
3827	0.7129258
3828	0.7129111
3829	0.7128907
3830	0.7128649
3831	0.7128334
3832	0.7127965
3833	0.7127539
3834	0.7127059
3835	0.7126523
3836	0.7125932
3837	0.7125286
3838	0.7124585
3839	0.7123829
3840	0.7123018
3841	0.7122151
3842	0.712123
3843	0.7120254
3844	0.7119222
3845	0.7118137
3846	0.7116996
3847	0.71158
3848	0.711455
3849	0.7113244
3850	0.7111884
3851	0.7110469
3852	0.7108999
3853	0.7107475
3854	0.7105895
3855	0.7104261
3856	0.7102572
3857	0.7100828
3858	0.7099029
3859	0.7097175
3860	0.7095266
3861	0.7093303
3862	0.7091284
3863	0.708921
3864	0.7087082
3865	0.7084898
3866	0.708266
3867	0.7080365
3868	0.7078015
3869	0.7075611
3870	0.7073151
3871	0.7070636
3872	0.7068064
3873	0.7065437
3874	0.7062756
3875	0.7060018
3876	0.7057224
3877	0.7054375
3878	0.7051469
3879	0.7048509
3880	0.7045491
3881	0.7042416
3882	0.7039287
3883	0.70361
3884	0.7032858
3885	0.7029558
3886	0.7026202
3887	0.702279
3888	0.7019319
3889	0.7015792
3890	0.7012209
3891	0.7008567
3892	0.7004869
3893	0.7001113
3894	0.6997298
3895	0.6993428
3896	0.6989497
3897	0.6985511
3898	0.6981464
3899	0.6977359
3900	0.6973198
3901	0.6968976
3902	0.6964695
3903	0.6960357
3904	0.6955958
3905	0.6951502
3906	0.6946984
3907	0.6942407
3908	0.6937772
3909	0.6933075
3910	0.6928317
3911	0.6923502
3912	0.6918624
3913	0.6913687
3914	0.6908687
3915	0.6903626
3916	0.6898507
3917	0.6893323
3918	0.688808
3919	0.6882773
3920	0.6877403
3921	0.6871974
3922	0.686648
3923	0.6860923
3924	0.6855305
3925	0.6849622
3926	0.6843878
3927	0.6838068
3928	0.6832193
3929	0.6826258
3930	0.6820255
3931	0.681419
3932	0.6808058
3933	0.6801861
3934	0.6795601
3935	0.6789273
3936	0.6782879
3937	0.6776422
3938	0.6769895
3939	0.6763305
3940	0.6756645
3941	0.6749917
3942	0.6743126
3943	0.6736263
3944	0.6729336
3945	0.6722337
3946	0.6715269
3947	0.6708136
3948	0.670093
3949	0.6693655
3950	0.6686314
3951	0.6678899
3952	0.6671417
3953	0.6663861
3954	0.6656234
3955	0.664854
3956	0.664077
3957	0.6632928
3958	0.6625018
3959	0.6617031
3960	0.6608975
3961	0.6600842
3962	0.6592636
3963	0.6584359
3964	0.6576005
3965	0.6567579
3966	0.6559075
3967	0.6550496
3968	0.6541845
3969	0.6533114
3970	0.6524306
3971	0.6515426
3972	0.6506465
3973	0.6497431
3974	0.6488315
3975	0.647912
3976	0.6469851
3977	0.6460499
3978	0.6451072
3979	0.6441562
3980	0.6431971
3981	0.6422304
3982	0.6412551
3983	0.6402718
3984	0.6392808
3985	0.6382811
3986	0.6372736
3987	0.6362574
3988	0.6352328
3989	0.6342004
3990	0.6331591
3991	0.6321098
3992	0.6310516
3993	0.6299848
3994	0.62891
3995	0.6278261
3996	0.6267335
3997	0.6256328
3998	0.6245228
3999	0.6234045
4000	0.6222769
4001	0.6211405
4002	0.6199956
4003	0.6188413
4004	0.617678
4005	0.6165062
4006	0.6153248
4007	0.6141348
4008	0.6129351
4009	0.6117261
4010	0.6105085
4011	0.609281
4012	0.6080447
4013	0.6067985
4014	0.6055429
4015	0.6042783
4016	0.6030036
4017	0.6017194
4018	0.6004261
4019	0.5991226
4020	0.5978099
4021	0.596487
4022	0.5951542
4023	0.5938121
4024	0.5924596
4025	0.5910978
4026	0.5897253
4027	0.5883429
4028	0.5869509
4029	0.5855483
4030	0.5841354
4031	0.582713
4032	0.5812797
4033	0.5798368
4034	0.5783828
4035	0.5769184
4036	0.5754443
4037	0.573959
4038	0.5724639
4039	0.5709575
4040	0.5694405
4041	0.5679135
4042	0.5663751
4043	0.5648259
4044	0.5632667
4045	0.5616959
4046	0.5601149
4047	0.5585223
4048	0.5569187
4049	0.5553048
4050	0.5536791
4051	0.5520423
4052	0.5503951
4053	0.548736
4054	0.5470664
4055	0.5453848
4056	0.5436918
4057	0.5419883
4058	0.5402726
4059	0.5385463
4060	0.5368077
4061	0.5350576
4062	0.5332967
4063	0.5315235
4064	0.5297386
4065	0.5279429
4066	0.5261347
4067	0.5243156
4068	0.5224838
4069	0.5206403
4070	0.5187858
4071	0.5169186
4072	0.5150403
4073	0.5131493
4074	0.5112463
4075	0.5093322
4076	0.5074052
4077	0.5054661
4078	0.5035159
4079	0.5015527
4080	0.4995783
4081	0.4975908
4082	0.4955912
4083	0.4935803
4084	0.4915562
4085	0.4895209
4086	0.4874724
4087	0.4854117
4088	0.4833396
4089	0.4812543
4090	0.4791566
4091	0.4770477
4092	0.4749254
4093	0.4727918
4094	0.4706448
4095	0.4684856
4096	0.4663149
4097	0.4641309
4098	0.4619346
4099	0.4597269
4100	0.4575059
4101	0.4552736
4102	0.4530278
4103	0.4507698
4104	0.4485005
4105	0.4462178
4106	0.4439239
4107	0.4416167
4108	0.4392972
4109	0.4369665
4110	0.4346226
4111	0.4322664
4112	0.4298992
4113	0.4275188
4114	0.4251273
4115	0.4227227
4116	0.4203061
4117	0.4178786
4118	0.415438
4119	0.4129867
4120	0.4105223
4121	0.4080462
4122	0.4055594
4123	0.4030599
4124	0.4005486
4125	0.398027
4126	0.3954926
4127	0.392948
4128	0.3903909
4129	0.3878225
4130	0.385244
4131	0.3826532
4132	0.3800525
4133	0.3774397
4134	0.374816
4135	0.3721827
4136	0.3695375
4137	0.3668818
4138	0.3642168
4139	0.3615402
4140	0.3588545
4141	0.3561576
4142	0.3534506
4143	0.3507349
4144	0.3480083
4145	0.345272
4146	0.3425275
4147	0.3397724
4148	0.3370093
4149	0.334236
4150	0.3314537
4151	0.328664
4152	0.3258645
4153	0.3230578
4154	0.3202416
4155	0.3174174
4156	0.3145866
4157	0.3117468
4158	0.3088995
4159	0.3060463
4160	0.3031847
4161	0.3003174
4162	0.2974423
4163	0.2945606
4164	0.2916741
4165	0.2887802
4166	0.2858819
4167	0.2829767
4168	0.2800663
4169	0.2771521
4170	0.2742318
4171	0.271307
4172	0.2683793
4173	0.2654462
4174	0.2625107
4175	0.2595705
4176	0.2566271
4177	0.2536823
4178	0.2507335
4179	0.2477837
4180	0.2448307
4181	0.2418761
4182	0.2389215
4183	0.2359645
4184	0.2330068
4185	0.2300502
4186	0.2270922
4187	0.224136
4188	0.2211791
4189	0.2182232
4190	0.2152702
4191	0.2123175
4192	0.2093671
4193	0.2064205
4194	0.2034755
4195	0.2005351
4196	0.1975971
4197	0.1946633
4198	0.1917352
4199	0.1888108
4200	0.185893
4201	0.1829796
4202	0.1800724
4203	0.1771731
4204	0.1742796
4205	0.1713935
4206	0.1685166
4207	0.1656468
4208	0.162787
4209	0.1599353
4210	0.1570932
4211	0.1542626
4212	0.1514414
4213	0.1486325
4214	0.1458339
4215	0.1430474
4216	0.1402747
4217	0.1375138
4218	0.1347663
4219	0.1320341
4220	0.1293151
4221	0.1266123
4222	0.1239238
4223	0.1212512
4224	0.1185963
4225	0.1159571
4226	0.1133365
4227	0.1107328
4228	0.1081475
4229	0.1055823
4230	0.1030354
4231	0.1005085
4232	0.0980033
4233	0.0955178
4234	0.093055
4235	0.0906131
4236	0.0881937
4237	0.0857984
4238	0.0834255
4239	0.0810766
4240	0.0787532
4241	0.0764538
4242	0.074181
4243	0.0719331
4244	0.0697117
4245	0.0675183
4246	0.0653513
4247	0.0632132
4248	0.0611026
4249	0.0590209
4250	0.0569694
4251	0.0549469
4252	0.0529546
4253	0.050994
4254	0.0490637
4255	0.0471658
4256	0.0452992
4257	0.0434651
4258	0.0416647
4259	0.0398969
4260	0.0381636
4261	0.0364637
4262	0.0347984
4263	0.0331688
4264	0.0315738
4265	0.0300146
4266	0.0284921
4267	0.0270054
4268	0.0255562
4269	0.0241435
4270	0.0227682
4271	0.0214314
4272	0.0201321
4273	0.0188719
4274	0.0176497
4275	0.0164666
4276	0.0153233
4277	0.0142191
4278	0.0131546
4279	0.0121307
4280	0.0111466
4281	0.0102035
4282	0.0093006
4283	0.0084387
4284	0.0076183
4285	0.0068387
4286	0.0061007
4287	0.0054046
4288	0.0047499
4289	0.0041373
4290	0.0035665
4291	0.0030378
4292	0.0025515
4293	0.0021073
4294	0.0017056
4295	0.0013461
4296	0.0010291
4297	0.0007547
4298	0.0005227
4299	0.0003331
4300	0.0001862
4301	8.17e-05
4302	1.97e-05
4303	0.0
4304	2.28e-05
4305	8.78e-05
4306	0.000195
4307	0.0003444
4308	0.0005358
4309	0.0007691
4310	0.0010442
4311	0.001361
4312	0.0017193
4313	0.0021188
4314	0.0025596
4315	0.0030412
4316	0.0035638
4317	0.0041271
4318	0.0047304
4319	0.0053742
4320	0.0060576
4321	0.006781
4322	0.0075438
4323	0.0083454
4324	0.0091863
4325	0.0100657
4326	0.010983
4327	0.0119388
4328	0.0129317
4329	0.0139625
4330	0.0150304
4331	0.0161344
4332	0.0172753
4333	0.0184522
4334	0.0196641
4335	0.0209119
4336	0.022194
4337	0.0235113
4338	0.0248626
4339	0.026247
4340	0.0276654
4341	0.0291161
4342	0.0305999
4343	0.0321159
4344	0.0336628
4345	0.0352416
4346	0.0368513
4347	0.0384906
4348	0.0401606
4349	0.0418593
4350	0.0435879
4351	0.045345
4352	0.0471294
4353	0.0489424
4354	0.0507817
4355	0.0526486
4356	0.0545418
4357	0.05646
4358	0.0584044
4359	0.0603737
4360	0.0623665
4361	0.0643842
4362	0.0664244
4363	0.0684885
4364	0.0705751
4365	0.0726829
4366	0.0748132
4367	0.0769636
4368	0.0791356
4369	0.0813278
4370	0.0835386
4371	0.0857697
4372	0.0880195
4373	0.0902866
4374	0.0925725
4375	0.0948746
4376	0.0971948
4377	0.0995313
4378	0.1018827
4379	0.1042507
4380	0.1066337
4381	0.1090302
4382	0.111442
4383	0.1138663
4384	0.116305
4385	0.1187565
4386	0.1212193
4387	0.1236951
4388	0.1261813
4389	0.1286797
4390	0.1311888
4391	0.1337069
4392	0.136236
4393	0.1387746
4394	0.1413209
4395	0.1438771
4396	0.1464402
4397	0.1490123
4398	0.1515919
4399	0.1541773
4400	0.1567705
4401	0.1593688
4402	0.1619741
4403	0.164585
4404	0.1671998
4405	0.1698207
4406	0.172446
4407	0.1750742
4408	0.1777073
4409	0.1803426
4410	0.1829822
4411	0.1856246
4412	0.1882682
4413	0.190915
4414	0.1935625
4415	0.1962126
4416	0.1988639
4417	0.2015148
4418	0.2041675
4419	0.2068205
4420	0.2094723
4421	0.212125
4422	0.2147759
4423	0.2174271
4424	0.2200773
4425	0.2227249
4426	0.2253721
4427	0.2280173
4428	0.2306593
4429	0.2333001
4430	0.235937
4431	0.2385724
4432	0.2412046
4433	0.2438324
4434	0.2464578
4435	0.2490784
4436	0.2516961
4437	0.2543098
4438	0.2569179
4439	0.2595226
4440	0.2621226
4441	0.2647165
4442	0.2673064
4443	0.2698899
4444	0.2724691
4445	0.2750427
4446	0.2776093
4447	0.2801711
4448	0.2827256
4449	0.285275
4450	0.287818
4451	0.2903532
4452	0.2928828
4453	0.2954057
4454	0.2979203
4455	0.300429
4456	0.3029293
4457	0.3054233
4458	0.3079099
4459	0.3103877
4460	0.3128588
4461	0.3153211
4462	0.3177765
4463	0.3202238
4464	0.3226619
4465	0.3250928
4466	0.3275154
4467	0.3299285
4468	0.3323341
4469	0.33473
4470	0.3371184
4471	0.3394979
4472	0.3418675
4473	0.3442293
4474	0.3465821
4475	0.3489248
4476	0.3512594
4477	0.3535838
4478	0.3559
4479	0.3582069
4480	0.3605034
4481	0.3627915
4482	0.3650691
4483	0.3673383
4484	0.3695979
4485	0.3718468
4486	0.3740872
4487	0.3763179
4488	0.3785379
4489	0.3807491
4490	0.3829496
4491	0.3851412
4492	0.3873231
4493	0.389494
4494	0.3916561
4495	0.3938073
4496	0.3959495
4497	0.3980818
4498	0.4002032
4499	0.4023155
4500	0.4044179
4501	0.4065093
4502	0.4085916
4503	0.4106629
4504	0.4127252
4505	0.4147774
4506	0.4168187
4507	0.4188508
4508	0.420872
4509	0.422884
4510	0.424886
4511	0.426877
4512	0.4288589
4513	0.4308308
4514	0.4327917
4515	0.4347435
4516	0.4366844
4517	0.4386161
4518	0.4405379
4519	0.4424488
4520	0.4443506
4521	0.4462425
4522	0.4481235
4523	0.4499954
4524	0.4518566
4525	0.4537088
4526	0.4555511
4527	0.4573826
4528	0.4592052
4529	0.4610171
4530	0.46282
4531	0.4646132
4532	0.4663957
4533	0.4681694
4534	0.4699333
4535	0.4716868
4536	0.4734314
4537	0.4751656
4538	0.4768909
4539	0.4786067
4540	0.4803121
4541	0.4820088
4542	0.4836952
4543	0.4853729
4544	0.4870412
4545	0.4886993
4546	0.4903488
4547	0.491989
4548	0.493619
4549	0.4952406
4550	0.4968521
4551	0.4984552
4552	0.5000491
4553	0.501633
4554	0.5032086
4555	0.5047744
4556	0.5063319
4557	0.5078803
4558	0.5094191
4559	0.5109496
4560	0.5124711
4561	0.5139831
4562	0.515487
4563	0.5169814
4564	0.5184676
4565	0.5199452
4566	0.5214133
4567	0.5228735
4568	0.5243251
4569	0.5257673
4570	0.5272017
4571	0.528627
4572	0.5300444
4573	0.5314533
4574	0.5328533
4575	0.5342455
4576	0.5356287
4577	0.5370043
4578	0.5383716
4579	0.53973
4580	0.541081
4581	0.5424237
4582	0.5437578
4583	0.5450844
4584	0.5464024
4585	0.547713
4586	0.5490156
4587	0.5503098
4588	0.5515966
4589	0.5528751
4590	0.5541463
4591	0.5554097
4592	0.5566649
4593	0.557913
4594	0.5591533
4595	0.5603856
4596	0.5616108
4597	0.5628279
4598	0.5640381
4599	0.5652408
4600	0.5664356
4601	0.5676235
4602	0.5688035
4603	0.5699768
4604	0.5711428
4605	0.572301
4606	0.5734526
4607	0.574597
4608	0.5757337
4609	0.5768639
4610	0.5779865
4611	0.5791026
4612	0.5802118
4613	0.5813134
4614	0.5824087
4615	0.5834972
4616	0.5845782
4617	0.585653
4618	0.5867206
4619	0.5877819
4620	0.5888365
4621	0.5898839
4622	0.5909253
4623	0.5919595
4624	0.5929877
4625	0.5940094
4626	0.5950241
4627	0.5960329
4628	0.5970352
4629	0.5980307
4630	0.5990203
4631	0.6000032
4632	0.6009802
4633	0.601951
4634	0.6029151
4635	0.6038735
4636	0.6048253
4637	0.6057714
4638	0.6067115
4639	0.6076451
4640	0.6085731
4641	0.6094951
4642	0.6104108
4643	0.6113209
4644	0.6122248
4645	0.6131232
4646	0.6140158
4647	0.6149022
4648	0.6157833
4649	0.6166582
4650	0.6175279
4651	0.6183918
4652	0.6192498
4653	0.6201025
4654	0.6209496
4655	0.6217909
4656	0.622627
4657	0.6234572
4658	0.6242824
4659	0.6251021
4660	0.6259161
4661	0.626725
4662	0.6275286
4663	0.6283266
4664	0.6291196
4665	0.6299071
4666	0.6306896
4667	0.631467
4668	0.6322388
4669	0.6330059
4670	0.6337675
4671	0.6345243
4672	0.6352761
4673	0.6360226
4674	0.6367643
4675	0.6375011
4676	0.6382326
4677	0.6389595
4678	0.6396812
4679	0.6403983
4680	0.6411106
4681	0.6418177
4682	0.6425204
4683	0.643218
4684	0.6439111
4685	0.6445996
4686	0.645283
4687	0.6459621
4688	0.6466365
4689	0.647306
4690	0.6479712
4691	0.6486315
4692	0.6492876
4693	0.6499391
4694	0.6505859
4695	0.6512285
4696	0.6518663
4697	0.6525
4698	0.6531292
4699	0.6537539
4700	0.6543744
4701	0.6549906
4702	0.6556022
4703	0.6562097
4704	0.6568127
4705	0.6574118
4706	0.6580066
4707	0.6585969
4708	0.6591833
4709	0.6597656
4710	0.6603434
4711	0.6609174
4712	0.661487
4713	0.6620528
4714	0.6626146
4715	0.663172
4716	0.6637257
4717	0.6642751
4718	0.6648208
4719	0.6653625
4720	0.6659
4721	0.6664339
4722	0.6669639
4723	0.6674897
4724	0.6680119
4725	0.6685301
4726	0.6690446
4727	0.6695553
4728	0.670062
4729	0.6705652
4730	0.6710644
4731	0.6715601
4732	0.6720521
4733	0.6725401
4734	0.6730247
4735	0.6735057
4736	0.6739827
4737	0.6744564
4738	0.6749262
4739	0.6753927
4740	0.6758556
4741	0.6763147
4742	0.6767705
4743	0.6772225
4744	0.6776712
4745	0.6781165
4746	0.6785581
4747	0.6789964
4748	0.6794312
4749	0.6798625
4750	0.6802905
4751	0.6807149
4752	0.6811362
4753	0.6815541
4754	0.6819684
4755	0.6823796
4756	0.6827875
4757	0.6831919
4758	0.6835931
4759	0.683991
4760	0.6843857
4761	0.6847772
4762	0.6851653
4763	0.6855503
4764	0.685932
4765	0.6863106
4766	0.6866861
4767	0.6870582
4768	0.6874273
4769	0.6877934
4770	0.6881561
4771	0.6885159
4772	0.6888724
4773	0.689226
4774	0.6895765
4775	0.6899239
4776	0.6902683
4777	0.6906096
4778	0.6909479
4779	0.6912833
4780	0.6916156
4781	0.691945
4782	0.6922714
4783	0.6925947
4784	0.6929153
4785	0.6932327
4786	0.6935474
4787	0.6938592
4788	0.6941679
4789	0.6944739
4790	0.6947769
4791	0.6950771
4792	0.6953745
4793	0.6956689
4794	0.6959607
4795	0.6962496
4796	0.6965355
4797	0.6968188
4798	0.6970992
4799	0.6973769
4800	0.6976519
4801	0.697924
4802	0.6981935
4803	0.6984602
4804	0.6987241
4805	0.6989854
4806	0.6992438
4807	0.6994997
4808	0.6997529
4809	0.7000034
4810	0.7002512
4811	0.7004963
4812	0.7007389
4813	0.7009788
4814	0.701216
4815	0.7014507
4816	0.7016827
4817	0.7019121
4818	0.702139
4819	0.7023631
4820	0.7025848
4821	0.702804
4822	0.7030205
4823	0.7032345
4824	0.7034459
4825	0.7036549
4826	0.7038613
4827	0.7040652
4828	0.7042666
4829	0.7044655
4830	0.7046618
4831	0.7048558
4832	0.7050472
4833	0.7052362
4834	0.7054227
4835	0.7056067
4836	0.7057883
4837	0.7059675
4838	0.7061442
4839	0.7063186
4840	0.7064904
4841	0.70666
4842	0.7068271
4843	0.7069917
4844	0.7071541
4845	0.7073139
4846	0.7074715
4847	0.7076267
4848	0.7077795
4849	0.70793
4850	0.7080782
4851	0.7082239
4852	0.7083674
4853	0.7085085
4854	0.7086473
4855	0.7087838
4856	0.708918
4857	0.7090499
4858	0.7091794
4859	0.7093067
4860	0.7094317
4861	0.7095544
4862	0.7096749
4863	0.7097931
4864	0.7099089
4865	0.7100226
4866	0.710134
4867	0.7102431
4868	0.7103501
4869	0.7104547
4870	0.7105572
4871	0.7106574
4872	0.7107554
4873	0.7108512
4874	0.7109447
4875	0.7110361
4876	0.7111253
4877	0.7112123
4878	0.711297
4879	0.7113796
4880	0.71146
4881	0.7115383
4882	0.7116143
4883	0.7116882
4884	0.7117599
4885	0.7118295
4886	0.7118969
4887	0.7119622
4888	0.7120253
4889	0.7120863
4890	0.7121451
4891	0.7122018
4892	0.7122564
4893	0.7123088
4894	0.7123591
4895	0.7124073
4896	0.7124534
4897	0.7124974
4898	0.7125392
4899	0.712579
4900	0.7126166
4901	0.7126522
4902	0.7126856
4903	0.712717
4904	0.7127463
4905	0.7127734
4906	0.7127986
4907	0.7128216
4908	0.7128425
4909	0.7128614
4910	0.7128782
4911	0.712893
4912	0.7129057
4913	0.7129163
4914	0.7129248
4915	0.7129313
4916	0.7129358
4917	0.7129382
4918	0.7129385
4919	0.7129368
4920	0.7129331
4921	0.7129273
4922	0.7129195
4923	0.7129097
4924	0.7128978
4925	0.7128839
4926	0.7128679
4927	0.71285
4928	0.7128299
4929	0.7128079
4930	0.7127839
4931	0.7127578
4932	0.7127297
4933	0.7126996
4934	0.7126676
4935	0.7126334
4936	0.7125973
4937	0.7125592
4938	0.712519
4939	0.7124769
4940	0.7124327
4941	0.7123865
4942	0.7123384
4943	0.7122882
4944	0.7122361
4945	0.7121819
4946	0.7121257
4947	0.7120676
4948	0.7120075
4949	0.7119453
4950	0.7118812
4951	0.7118151
4952	0.711747
4953	0.7116769
4954	0.7116048
4955	0.7115308
4956	0.7114547
4957	0.7113766
4958	0.7112966
4959	0.7112146
4960	0.7111306
4961	0.7110447
4962	0.7109567
4963	0.7108668
4964	0.7107748
4965	0.710681
4966	0.7105851
4967	0.7104872
4968	0.7103874
4969	0.7102855
4970	0.7101817
4971	0.710076
4972	0.7099682
4973	0.7098585
4974	0.7097467
4975	0.709633
4976	0.7095174
4977	0.7093997
4978	0.7092801
4979	0.7091584
4980	0.7090348
4981	0.7089093
4982	0.7087817
4983	0.7086521
4984	0.7085206
4985	0.7083871
4986	0.7082516
4987	0.7081142
4988	0.7079747
4989	0.7078333
4990	0.7076898
4991	0.7075444
4992	0.707397
4993	0.7072476
4994	0.7070963
4995	0.7069429
4996	0.7067875
4997	0.7066303
4998	0.7064709
4999	0.7063096
5000	0.7061463
